0
0
0
0
43
43
43
1
10
0
0
0
43
16
16
10
40
0
16
16
16
10
38
4
4
16
2
38
4
4
2
4
4
2
4
2
5
28
28
28
47
9
9
5
30
28
9
9
9
5
26
26
9
9
26
26
34
34
26
26
34
26
34
11
35
10
10
2
2
2
14
35
35
10
2
27
14
35
7
7
27
14
7
7
29
6
7
7
6
7
6
6
5
42
19
19
19
21
5
5
19
21
21
5
17
17
21
41
17
17
17
17
17
1
1
46
12
12
8
8
1
1
1
8
8
8
1
1
25
8
8
36
36
25
20
36
25
20
36
20
3
22
39
39
45
15
15
22
22
15
15
15
22
23
15
15
37
23
11
23
11
11
14
18
18
20
3
3
14
14
3
3
3
6
6
3
3
6
44
33
6
33
33
13
13
13
33
24
31
13
24
24
11
11
24
11
32
11
