0
0
0
0
0
0
0
0
0
0
0
43
43
43
43
43
43
43
43
43
1
10
0
0
0
0
0
0
0
0
0
43
43
43
43
43
43
43
43
16
16
10
40
0
0
0
0
0
0
0
0
43
43
43
43
43
43
16
16
16
10
40
40
0
0
0
0
0
0
43
43
43
43
43
16
16
16
16
10
40
40
40
0
0
0
0
0
43
43
43
16
16
16
16
16
10
40
40
40
40
0
0
0
43
43
16
16
16
16
16
16
10
40
40
40
40
40
0
0
16
16
16
16
16
16
16
10
40
40
40
40
40
38
4
16
16
16
16
16
16
10
40
40
40
38
38
4
4
4
16
16
16
16
10
40
38
38
38
38
4
4
4
4
16
16
2
38
38
38
38
4
4
4
4
4
4
2
38
38
38
38
4
4
4
4
4
2
38
38
38
4
4
4
4
4
2
38
38
38
4
4
4
4
2
38
38
4
4
4
4
2
38
38
4
4
4
2
38
4
4
4
2
38
4
4
2
4
4
2
4
2
5
28
28
28
28
28
28
28
28
28
47
47
47
47
47
47
47
47
9
9
5
30
28
28
28
28
28
28
28
28
47
47
47
47
47
47
9
9
9
5
30
30
28
28
28
28
28
28
47
47
47
47
47
9
9
9
9
5
30
30
30
28
28
28
28
28
47
47
47
9
9
9
9
9
5
30
30
30
30
28
28
28
47
47
9
9
9
9
9
9
5
30
30
30
30
30
28
28
9
9
9
9
9
9
9
5
30
30
30
30
30
26
9
9
9
9
9
9
9
5
30
30
30
26
26
26
34
9
9
9
9
9
5
30
26
26
26
26
34
34
34
9
9
9
5
26
26
26
26
26
34
34
34
34
9
26
26
26
26
26
34
34
34
34
34
26
26
26
26
26
34
34
34
34
26
26
26
26
34
34
34
34
26
26
26
26
34
34
34
26
26
26
34
34
34
26
26
26
34
34
26
26
34
34
26
26
34
26
34
11
35
10
10
10
10
10
10
10
10
10
2
2
2
2
2
2
2
2
2
14
35
35
10
10
10
10
10
10
10
2
2
2
2
2
2
2
2
27
14
35
35
35
10
10
10
10
10
10
2
2
2
2
2
2
27
27
14
35
35
35
35
10
10
10
10
2
2
2
2
2
27
27
27
14
35
35
35
35
35
10
10
10
2
2
2
27
27
27
27
14
35
35
35
35
35
35
10
2
2
27
27
27
27
27
14
35
35
35
35
35
35
7
27
27
27
27
27
27
14
35
35
35
35
7
7
7
29
27
27
27
27
14
35
35
7
7
7
7
29
29
29
27
27
14
7
7
7
7
7
7
29
29
29
29
6
7
7
7
7
7
29
29
29
29
6
7
7
7
7
7
29
29
29
6
7
7
7
7
29
29
29
6
7
7
7
7
29
29
6
7
7
7
29
29
6
7
7
7
29
6
7
7
29
6
7
7
6
7
6
6
5
42
42
42
42
42
42
42
42
19
19
19
19
19
19
19
19
19
21
5
5
42
42
42
42
42
42
19
19
19
19
19
19
19
19
21
21
5
5
5
42
42
42
42
42
19
19
19
19
19
19
21
21
21
5
5
5
5
42
42
42
19
19
19
19
19
21
21
21
21
5
5
5
5
5
42
42
19
19
19
21
21
21
21
21
5
5
5
5
5
5
19
19
21
21
21
21
21
21
5
5
5
5
5
5
17
21
21
21
21
21
21
5
5
5
5
41
17
17
17
21
21
21
21
5
5
41
41
41
17
17
17
17
21
21
41
41
41
41
17
17
17
17
17
17
41
41
41
41
17
17
17
17
17
41
41
41
17
17
17
17
17
41
41
41
17
17
17
17
41
41
17
17
17
17
41
41
17
17
17
41
17
17
17
41
17
17
17
17
17
1
1
46
46
46
46
46
46
46
46
12
12
12
12
12
12
12
12
8
8
1
1
1
46
46
46
46
46
46
12
12
12
12
12
12
12
8
8
8
1
1
1
1
46
46
46
46
46
12
12
12
12
12
8
8
8
8
1
1
1
1
1
46
46
46
12
12
12
12
8
8
8
8
8
1
1
1
1
1
1
46
46
12
12
8
8
8
8
8
8
1
1
1
1
1
1
1
12
8
8
8
8
8
8
8
1
1
1
1
1
1
1
8
8
8
8
8
8
8
1
1
1
1
1
36
25
25
8
8
8
8
8
1
1
1
36
36
36
25
25
25
8
8
8
1
36
36
36
36
25
25
25
25
25
8
36
36
36
36
36
25
25
25
25
20
36
36
36
36
25
25
25
25
20
36
36
36
36
25
25
25
20
36
36
36
25
25
25
20
36
36
36
25
25
20
36
36
25
25
20
36
36
25
20
36
25
20
36
20
3
22
39
39
39
39
39
39
39
39
45
45
45
45
45
45
45
45
15
15
22
22
39
39
39
39
39
39
39
45
45
45
45
45
45
15
15
15
22
22
22
39
39
39
39
39
45
45
45
45
45
15
15
15
15
22
22
22
22
39
39
39
39
45
45
45
15
15
15
15
15
22
22
22
22
22
39
39
45
45
15
15
15
15
15
15
22
22
22
22
22
22
39
15
15
15
15
15
15
15
22
22
22
22
22
22
15
15
15
15
15
15
15
22
22
22
22
37
23
23
15
15
15
15
15
22
22
37
37
37
23
23
23
15
15
15
37
37
37
37
23
23
23
23
23
11
37
37
37
37
23
23
23
23
11
37
37
37
23
23
23
23
11
37
37
37
23
23
23
11
37
37
23
23
23
11
37
37
23
23
11
37
23
23
11
37
23
11
23
11
11
14
18
18
18
18
18
18
18
18
20
20
20
20
20
20
20
20
3
3
14
14
18
18
18
18
18
18
18
20
20
20
20
20
20
3
3
3
14
14
14
18
18
18
18
18
20
20
20
20
20
3
3
3
3
14
14
14
14
18
18
18
18
20
20
20
3
3
3
3
3
14
14
14
14
14
18
18
20
20
3
3
3
3
3
3
14
14
14
14
14
14
18
3
3
3
3
3
3
3
14
14
14
14
14
6
3
3
3
3
3
3
3
14
14
14
6
6
6
44
3
3
3
3
3
14
6
6
6
6
44
44
44
3
3
3
6
6
6
6
6
44
44
44
44
3
6
6
6
6
44
44
44
44
33
6
6
6
6
44
44
44
33
6
6
6
44
44
44
33
6
6
6
44
44
33
6
6
44
44
33
6
6
44
33
6
44
33
6
33
33
13
13
13
13
13
13
13
13
13
33
33
33
33
33
33
33
33
24
31
13
13
13
13
13
13
13
13
33
33
33
33
33
33
24
24
31
31
13
13
13
13
13
13
33
33
33
33
33
24
24
24
31
31
31
13
13
13
13
13
33
33
33
24
24
24
24
31
31
31
31
13
13
13
33
33
24
24
24
24
24
31
31
31
31
31
13
13
24
24
24
24
24
24
31
31
31
31
31
11
24
24
24
24
24
24
31
31
31
11
11
11
32
24
24
24
24
31
11
11
11
11
32
32
32
24
24
11
11
11
11
11
32
32
32
32
11
11
11
11
32
32
32
32
11
11
11
11
32
32
32
11
11
11
32
32
32
11
11
11
32
32
11
11
32
32
11
11
32
11
32
11
