0
0
0
36
36
6
1
0
0
42
42
1
51
42
42
51
51
10
51
10
10
12
12
36
36
6
12
12
33
6
26
33
33
26
33
26
3
1
1
54
54
3
69
54
54
69
58
17
69
17
17
7
3
3
71
71
7
38
71
71
38
38
28
38
28
22
7
7
22
22
26
22
22
26
41
41
2
25
25
9
9
4
2
25
25
4
4
2
62
4
4
62
62
14
62
14
14
21
21
9
9
18
21
21
43
18
30
30
43
30
43
11
11
34
34
11
11
34
53
17
17
5
5
73
19
19
5
5
19
19
81
82
70
81
70
23
2
2
47
47
76
47
47
81
23
23
35
35
16
16
8
35
35
8
8
14
8
8
14
20
20
32
32
16
16
29
32
32
55
29
46
46
55
46
55
18
18
49
63
28
28
24
24
10
10
24
24
39
56
61
56
13
13
52
52
15
13
13
66
68
56
40
68
40
40
40
6
52
45
44
6
45
44
79
72
72
50
50
20
20
31
50
50
15
31
27
15
15
27
15
37
48
27
27
37
48
44
60
60
60
29
29
67
37
41
41
31
31
68
23
64
23
