0
0
0
0
36
36
6
1
0
0
114
42
42
1
109
0
42
42
1
51
59
10
51
51
10
51
10
10
12
12
111
36
36
6
12
12
12
102
6
12
103
33
6
26
33
33
26
33
26
3
1
1
80
54
54
3
113
1
54
54
3
69
58
17
69
58
17
69
17
17
7
3
3
78
71
71
7
112
3
71
71
7
38
74
28
38
38
28
38
28
22
7
7
91
22
22
117
7
22
22
26
88
22
26
41
41
2
25
25
9
9
9
4
2
25
25
90
4
4
2
92
4
4
4
2
62
118
4
62
62
14
62
14
14
21
21
106
9
9
18
21
21
9
87
18
21
30
43
18
30
30
43
30
43
11
11
11
34
34
11
11
34
34
85
11
97
53
17
17
5
5
73
96
19
19
5
5
5
19
19
5
100
82
19
81
82
70
81
70
23
2
2
119
47
47
76
2
47
47
81
83
23
81
23
23
35
35
16
16
16
8
35
35
77
8
8
104
8
8
8
14
110
8
14
20
20
32
32
98
16
16
29
32
32
16
57
29
32
46
55
29
46
46
55
46
55
18
18
49
49
99
18
94
63
28
28
24
24
107
10
10
24
24
10
39
24
61
70
56
61
56
13
13
13
52
52
15
13
13
66
66
68
86
13
101
68
56
40
40
40
40
40
6
89
52
45
44
6
6
45
44
115
79
44
79
72
72
50
50
93
20
20
31
50
50
15
108
31
27
65
15
15
27
15
15
27
15
37
48
95
27
27
37
48
27
44
37
60
72
60
60
60
29
29
67
67
37
29
105
75
41
41
31
31
84
68
116
23
68
23
64
23
