0
40
40
17
17
8
1
0
0
48
39
40
34
28
28
34
28
28
8
11
1
0
1
48
0
0
0
34
50
39
28
28
50
8
41
41
59
11
25
1
36
68
0
0
36
90
5
31
45
45
63
6
58
79
4
4
25
36
36
5
54
54
3
45
63
2
31
45
2
4
3
3
3
2
2
2
29
29
18
18
16
29
35
29
29
23
18
18
23
18
18
24
30
51
25
42
29
15
15
31
18
18
24
24
20
30
44
30
25
15
42
15
15
9
31
20
82
53
20
20
44
12
15
9
92
71
82
61
20
61
12
37
96
37
27
26
16
16
16
75
17
55
37
10
10
26
16
16
16
38
57
17
10
55
10
10
10
74
7
7
19
12
12
10
10
11
11
7
7
7
7
46
46
32
21
81
65
46
13
32
21
21
47
67
22
65
8
13
86
5
5
14
9
9
8
8
8
5
5
5
5
2
62
44
44
4
2
2
57
44
44
78
53
59
2
59
115
3
3
67
72
59
69
6
3
