0
40
40
17
17
17
8
1
0
0
48
39
40
49
40
28
34
28
28
34
28
28
8
11
1
0
1
48
0
0
0
48
34
39
39
28
34
50
28
28
28
50
8
41
41
59
11
1
1
1
68
0
0
1
68
85
0
0
0
0
50
50
5
58
58
41
99
69
80
41
59
4
25
36
36
68
0
36
36
90
5
45
45
54
73
6
31
45
45
63
2
58
79
4
4
25
36
36
5
54
54
3
64
54
3
45
63
2
31
45
2
4
3
3
3
2
2
2
2
29
29
18
18
18
16
29
35
29
29
35
29
18
23
18
18
23
18
18
24
30
51
52
42
29
35
15
43
29
18
23
24
18
18
18
24
24
30
30
44
30
25
25
42
25
15
15
31
31
15
15
15
9
31
20
20
118
53
20
20
44
12
25
15
70
15
15
9
60
82
92
72
31
20
82
44
20
20
62
12
15
9
92
71
82
71
82
61
20
61
12
37
96
37
114
26
27
26
16
16
16
75
96
55
37
106
10
37
26
16
16
26
16
16
16
38
57
17
17
55
17
10
10
55
55
7
10
10
10
112
12
94
78
12
57
17
10
109
10
10
10
74
7
11
19
74
7
7
7
12
12
10
10
11
11
7
11
7
7
7
7
46
46
32
32
21
81
65
46
96
46
32
21
32
21
21
47
67
22
65
22
13
65
65
5
13
13
104
9
84
89
9
67
22
100
8
13
85
5
8
14
86
5
5
5
9
9
8
8
8
5
8
5
5
5
5
2
62
44
44
44
4
2
2
76
61
44
57
44
44
78
53
4
2
4
97
2
2
2
78
78
71
53
67
53
59
59
59
115
3
6
102
3
3
87
72
59
69
6
6
3
