0
40
40
40
17
17
17
8
1
0
0
48
39
40
49
40
40
34
28
28
34
28
28
34
28
28
8
11
1
0
1
48
0
0
0
48
48
39
39
40
34
34
39
28
28
34
50
28
28
28
50
8
41
41
59
11
1
1
1
48
0
0
1
48
68
0
0
0
0
34
50
50
39
39
28
28
50
50
8
58
41
41
99
69
41
41
59
11
25
1
36
68
0
1
36
68
85
0
0
0
36
90
90
5
31
45
45
45
63
90
6
58
58
79
79
59
80
79
4
4
25
36
36
68
36
36
36
90
5
45
54
54
73
6
45
45
63
63
3
31
45
45
63
2
58
79
4
4
25
36
36
5
54
54
3
54
54
3
64
63
2
45
63
2
31
45
2
4
3
3
3
3
2
2
2
2
29
29
29
18
18
18
16
29
35
29
29
35
29
29
23
18
18
23
18
18
23
18
18
24
30
51
52
42
29
35
35
43
29
29
23
23
29
18
18
23
24
18
18
18
24
24
30
30
44
30
51
25
42
51
25
15
42
42
29
15
15
15
31
31
18
18
24
24
24
20
20
30
118
53
20
30
44
30
25
25
51
25
15
15
42
42
15
15
15
9
31
31
20
82
111
53
31
20
20
103
44
20
20
44
12
25
15
70
15
15
9
83
92
92
72
60
82
82
71
31
20
82
61
20
20
62
12
15
9
92
71
92
71
82
61
82
61
20
61
12
37
96
37
114
37
27
26
27
26
16
16
16
75
96
55
37
106
96
37
37
27
16
26
26
16
16
26
16
16
16
38
57
75
17
55
75
17
10
55
55
37
10
10
10
56
26
16
16
16
16
38
38
94
78
38
57
17
17
75
17
10
10
55
55
10
10
10
10
74
74
7
7
19
19
112
12
12
57
12
12
17
10
109
10
10
10
95
11
11
19
74
7
7
11
74
7
7
7
12
12
10
10
11
11
11
11
7
7
7
7
7
7
46
46
46
32
32
21
81
65
46
96
46
46
33
32
32
21
32
21
21
47
67
81
65
81
22
65
65
46
13
13
66
32
21
21
21
47
47
84
89
47
67
22
81
22
13
65
65
8
13
13
86
86
5
5
14
14
104
9
9
67
9
9
22
100
8
13
85
8
8
14
85
5
5
8
86
5
5
5
9
9
8
8
8
8
8
5
5
5
5
5
5
2
62
62
44
44
44
4
2
2
76
61
62
57
44
44
57
44
44
78
53
4
2
4
76
2
2
2
57
78
61
44
44
78
78
53
53
67
53
59
4
59
97
2
2
59
115
115
3
3
3
67
89
71
72
67
72
59
59
59
115
6
69
102
3
6
87
3
3
87
72
59
69
69
6
6
3
