0
6
6
6
34
34
34
13
8
0
0
8
6
6
169
6
6
86
6
86
86
44
86
86
44
24
24
58
8
0
29
8
0
0
0
29
8
124
6
6
86
86
6
6
86
86
99
44
58
24
24
24
58
58
24
58
8
195
29
5
0
0
29
5
5
0
0
0
0
5
160
99
124
225
6
24
24
24
24
85
58
58
24
24
58
58
90
58
5
195
5
5
0
195
5
5
160
0
0
0
5
89
89
43
28
28
28
15
15
24
24
225
85
85
90
24
85
85
52
10
5
234
5
5
25
25
5
89
43
28
25
25
89
43
28
28
15
15
9
28
28
15
15
15
85
85
52
10
5
25
5
43
25
25
9
25
25
9
141
15
9
28
15
15
28
15
15
10
5
9
9
9
15
15
15
1
63
63
63
50
50
50
27
51
144
80
144
144
80
144
102
50
50
102
50
50
102
47
47
145
27
278
179
51
51
144
144
275
151
144
102
102
80
50
50
102
150
47
47
47
145
145
47
47
27
27
278
142
51
278
142
142
51
51
51
102
150
150
275
275
47
47
145
145
145
101
47
47
145
145
47
47
27
27
142
142
274
142
142
163
51
51
46
46
46
46
300
300
101
46
46
46
301
101
101
149
27
101
101
27
101
142
142
274
46
46
46
141
299
46
46
141
141
244
46
300
101
149
149
101
101
149
101
46
46
299
46
299
192
141
192
141
244
101
149
101
11
11
11
139
296
139
269
44
269
44
138
44
78
11
45
11
11
45
11
11
11
124
139
269
138
44
44
138
138
44
44
138
78
140
78
11
270
11
11
45
45
11
11
49
45
45
11
11
138
57
124
44
44
138
138
78
98
140
147
78
140
210
49
123
49
49
45
123
49
49
57
45
45
45
12
12
12
12
292
292
48
12
12
12
98
98
137
78
98
137
49
123
49
49
84
123
12
12
12
48
48
97
12
12
211
48
48
97
12
292
48
137
18
98
137
49
84
12
12
84
97
12
48
97
72
48
48
18
48
48
18
48
18
12
72
72
72
18
18
18
80
212
80
331
80
219
216
219
216
219
81
83
212
212
333
80
212
212
80
80
219
219
80
216
219
239
216
81
83
83
81
81
212
212
333
212
212
215
333
333
80
212
215
215
351
80
81
83
83
83
218
81
81
83
81
81
352
298
335
352
215
215
211
84
84
215
215
132
211
211
211
81
83
83
218
218
81
81
218
81
352
215
84
84
215
132
84
84
222
132
211
346
336
132
211
211
348
268
218
289
84
132
84
132
84
336
346
268
346
268
211
268
35
8
60
114
60
114
34
34
34
34
34
34
20
35
8
35
35
8
8
266
114
114
128
60
34
34
99
34
34
34
99
143
143
61
20
129
8
35
35
8
8
35
35
35
8
8
99
88
261
31
34
99
99
31
31
143
241
61
31
143
92
20
100
100
35
100
100
113
7
7
7
30
103
103
7
7
7
7
30
103
61
88
31
31
112
61
31
31
92
31
100
100
100
100
30
103
7
146
30
30
103
7
7
53
30
30
7
7
7
53
4
31
31
112
31
100
30
220
30
30
146
30
30
146
53
4
7
53
4
7
7
4
31
30
30
30
4
4
4
4
63
63
63
63
63
63
164
164
164
164
64
64
179
324
63
179
341
63
63
201
63
63
164
224
164
164
64
202
167
64
64
64
179
310
179
179
324
324
63
163
163
221
221
63
64
202
202
221
167
64
64
202
167
64
64
64
340
310
340
163
168
168
163
163
163
168
168
168
64
202
106
221
221
223
64
64
223
223
64
40
340
220
163
163
220
220
311
106
168
227
311
106
168
168
312
127
221
223
152
40
163
220
106
220
311
227
127
227
127
168
127
40
60
60
60
309
309
161
165
165
319
60
173
60
60
308
60
309
314
161
161
170
161
170
165
165
249
165
165
59
319
319
60
57
57
88
60
161
170
170
161
161
170
170
161
213
165
59
165
165
59
57
162
162
87
57
57
57
88
88
56
56
170
33
88
232
213
170
232
213
240
59
87
87
57
57
162
87
87
166
33
162
162
56
56
33
88
56
56
56
232
250
87
57
87
87
33
87
87
36
214
56
36
162
56
56
56
56
36
36
36
56
56
56
249
357
357
238
238
238
368
249
249
361
357
357
238
248
238
238
247
238
239
247
172
368
249
368
298
249
249
249
238
239
367
237
238
239
239
237
247
358
174
247
172
240
240
240
298
249
240
240
246
246
295
295
237
246
246
174
237
237
291
172
237
172
240
240
240
246
297
366
246
246
295
290
290
246
295
237
290
290
237
291
240
366
246
366
327
290
290
290
290
237
290
1
1
10
10
10
10
10
122
67
122
13
13
13
1
42
1
1
1
42
155
10
10
52
10
10
122
122
13
13
13
38
13
13
38
13
134
42
1
1
42
9
1
1
1
1
9
43
155
155
10
13
38
38
23
13
13
38
38
13
13
126
13
134
9
1
134
9
9
1
1
1
9
43
43
14
14
14
2
2
38
38
277
55
55
126
38
23
55
75
17
154
9
39
39
9
43
14
39
39
54
66
14
14
2
2
16
14
14
2
2
2
23
55
75
17
39
9
39
39
16
39
39
16
191
2
2
14
2
2
14
2
2
17
16
16
16
2
2
2
2
74
117
193
117
193
73
27
73
27
70
27
41
229
74
74
193
322
200
193
27
117
73
27
27
70
70
27
194
70
70
41
41
229
74
229
192
74
74
74
27
199
322
322
26
27
194
194
26
26
70
194
153
26
70
41
41
192
207
192
192
74
74
69
69
69
228
228
26
69
69
69
338
26
26
198
41
26
26
41
26
192
207
69
69
191
337
69
69
191
91
91
69
228
26
91
91
26
26
198
26
69
337
69
337
254
91
91
91
91
26
91
26
18
189
189
67
67
67
68
18
68
18
18
177
189
210
67
67
78
67
67
78
190
115
230
18
68
68
18
18
68
68
18
18
78
177
23
67
78
78
23
190
196
115
190
208
79
72
68
79
72
72
68
68
68
19
19
19
217
217
23
19
19
19
23
23
188
115
23
188
79
72
79
79
19
19
71
71
22
19
19
136
71
71
22
19
217
23
82
32
23
188
79
19
121
22
19
71
22
22
71
71
22
71
71
32
23
32
22
22
22
32
32
32
117
117
117
133
133
118
268
363
117
268
117
117
273
117
133
273
133
118
120
118
118
268
285
268
268
363
363
117
132
132
371
117
118
120
120
135
118
118
120
118
118
307
285
307
132
136
121
121
132
132
136
136
136
118
120
120
272
272
118
118
272
118
307
121
121
132
121
121
276
183
136
369
286
183
136
136
287
287
272
287
121
121
183
121
286
369
286
369
318
136
287
3
3
17
17
17
17
17
176
104
176
20
20
3
65
3
3
3
65
204
17
17
75
17
17
176
176
20
20
20
61
20
20
185
65
3
3
65
16
3
3
3
3
16
66
204
204
17
20
61
61
37
20
20
61
20
20
185
16
3
185
16
16
3
3
3
16
66
66
21
21
21
4
4
61
209
77
77
92
37
77
203
16
62
62
16
66
21
62
62
76
21
21
4
4
21
21
4
4
37
77
62
16
62
62
62
62
93
4
21
4
21
4
111
171
255
171
255
110
41
110
41
107
41
280
111
111
255
359
259
255
41
171
110
41
41
107
107
41
153
107
107
280
111
280
254
111
111
111
41
153
304
304
40
41
153
153
40
40
107
256
40
107
254
264
254
254
111
111
106
106
106
279
279
40
106
106
304
40
40
152
40
40
254
264
106
106
253
303
106
253
127
127
279
40
127
40
40
106
303
303
127
127
40
32
251
251
104
104
104
105
32
105
32
32
242
251
267
104
104
115
104
104
115
252
281
32
105
105
32
32
105
105
32
32
115
242
37
104
115
115
37
252
257
252
116
109
105
116
109
109
105
105
105
33
33
33
271
271
37
33
33
37
37
250
37
116
109
116
116
33
33
108
108
36
33
187
108
108
36
271
37
119
37
116
33
175
36
108
36
108
108
108
108
37
171
171
171
184
184
172
318
378
171
318
171
171
321
171
184
321
184
172
174
172
318
326
318
318
378
378
171
183
183
344
171
172
174
174
186
172
172
172
343
326
343
183
187
175
175
183
183
187
187
187
172
174
320
320
172
320
343
175
175
183
175
175
323
187
345
327
187
187
328
320
175
175
175
345
345
187
