0
6
6
34
34
13
8
0
0
8
6
6
86
6
86
86
44
24
24
58
8
0
29
5
0
0
0
5
99
124
6
24
24
24
58
58
24
58
5
195
5
5
0
0
5
89
43
28
28
15
15
24
85
85
52
10
5
25
5
43
25
25
9
28
15
9
28
15
15
10
5
9
9
15
15
1
63
63
50
50
27
51
144
80
144
102
50
50
102
47
47
145
27
278
142
51
51
102
150
275
47
47
145
145
47
47
27
27
142
142
51
46
46
46
300
101
46
46
101
101
27
101
46
46
299
46
141
192
101
149
101
11
11
11
139
269
44
138
44
78
11
45
11
11
45
11
11
57
44
44
138
78
140
78
49
123
49
49
45
45
12
12
12
292
48
12
12
98
137
49
84
12
12
48
97
12
48
48
18
48
18
12
72
72
18
18
80
212
80
219
216
219
81
83
212
212
333
80
212
215
80
81
83
83
81
81
352
215
84
84
215
132
211
211
81
83
218
81
84
132
84
132
346
268
211
268
35
8
60
114
34
34
34
34
20
35
8
35
35
8
8
88
31
34
99
31
143
61
20
100
100
7
7
30
103
7
7
7
30
61
31
31
92
31
100
30
146
30
30
7
53
4
7
7
4
31
30
30
4
4
4
63
63
63
63
164
164
64
64
179
324
63
163
221
63
64
202
167
64
64
64
340
168
163
163
168
168
64
106
221
223
64
40
163
220
106
227
127
168
127
40
60
60
309
161
165
165
319
60
57
60
161
170
161
170
165
59
162
87
57
57
88
56
56
33
232
213
87
57
87
87
33
162
56
36
56
56
36
36
56
56
249
357
238
238
368
249
249
238
237
238
239
247
172
240
240
240
246
295
237
246
174
237
172
240
366
246
290
290
237
290
1
1
10
10
10
122
13
13
13
1
42
1
1
1
9
155
10
13
38
13
13
38
13
134
9
1
1
9
43
14
14
2
2
38
23
55
75
17
39
9
39
39
16
14
2
2
14
2
2
17
16
16
2
2
2
74
117
193
73
27
70
27
41
229
74
74
27
322
26
27
194
26
70
41
41
192
74
69
69
228
26
69
69
26
26
41
26
69
337
69
91
91
26
91
26
18
189
67
67
68
18
68
18
18
23
67
78
190
115
79
72
68
68
19
19
217
23
19
19
23
188
79
19
71
22
19
71
71
22
23
32
22
22
32
32
117
117
133
118
268
363
117
132
117
118
120
118
118
307
121
121
132
136
136
118
120
272
118
121
121
183
369
286
136
287
3
3
17
17
17
176
20
20
3
65
3
3
3
16
204
17
20
61
20
20
185
16
3
3
16
66
21
21
4
4
37
77
62
16
62
62
21
4
21
4
111
171
255
110
41
107
41
280
111
111
41
304
40
41
153
40
107
254
111
106
106
279
40
106
40
40
106
303
127
40
32
251
104
104
105
32
105
32
32
37
104
115
252
116
109
105
105
33
33
271
37
33
37
116
33
108
36
108
108
37
171
171
184
172
318
378
171
183
171
172
174
172
343
175
175
183
187
187
172
320
175
175
345
187
