0
6
6
34
13
8
0
0
8
6
6
86
44
24
24
58
5
0
5
5
0
0
0
24
24
85
58
24
10
5
25
5
43
28
15
9
28
15
15
10
5
9
9
15
1
63
50
50
27
51
144
80
50
102
47
47
145
27
142
142
51
46
46
46
101
47
27
27
46
46
141
46
101
149
101
11
11
11
44
138
44
78
11
45
11
49
45
11
12
12
98
78
49
84
12
12
48
48
12
48
18
12
72
18
18
80
212
80
219
81
83
212
215
211
80
83
83
81
81
84
132
84
132
211
268
35
8
60
34
34
34
20
35
8
7
7
7
99
31
31
61
20
100
30
7
30
30
7
7
4
31
30
4
4
4
63
63
63
164
64
64
179
168
63
163
221
64
64
40
163
220
106
168
127
40
60
60
161
165
59
88
56
57
161
170
87
57
162
56
33
56
56
36
36
56
249
238
238
240
249
237
239
237
172
240
290
246
237
290
1
1
10
10
13
13
13
1
9
1
1
1
38
23
13
38
13
39
9
14
2
16
14
2
2
17
16
2
2
2
74
117
27
70
27
41
192
74
26
69
26
26
41
26
69
91
69
26
91
26
18
67
67
68
18
68
18
19
23
115
79
19
71
22
19
23
32
22
22
32
117
117
118
268
136
117
120
118
118
121
121
183
136
287
3
3
17
17
20
20
3
16
3
3
3
61
37
20
62
16
21
4
21
4
111
171
41
107
41
254
111
40
106
40
40
106
127
40
32
104
104
105
32
105
32
33
37
116
33
108
36
37
171
171
172
318
187
171
174
172
175
175
187
