0
6
6
6
34
34
13
8
0
0
8
6
6
169
6
6
86
44
86
86
44
24
24
58
8
0
29
8
0
0
0
29
5
124
6
6
86
99
6
58
24
24
24
58
58
24
58
5
195
5
5
0
0
5
5
160
0
0
0
0
24
24
24
225
85
58
24
24
85
58
90
10
5
234
5
5
0
25
5
89
43
28
28
15
89
43
28
28
15
15
9
85
85
52
10
5
25
5
43
25
25
9
141
15
9
28
15
15
28
15
15
10
5
9
9
9
15
15
1
63
63
50
50
50
27
51
144
80
144
144
80
50
102
50
50
102
47
47
145
27
278
179
51
51
144
102
275
151
50
102
150
47
47
47
145
145
47
47
27
27
142
142
51
142
142
163
51
51
46
46
46
46
301
101
47
145
145
101
47
27
27
142
142
274
46
46
46
141
141
46
46
300
101
149
27
101
101
149
101
46
46
299
46
141
192
141
244
101
149
101
11
11
11
139
296
44
269
44
138
44
78
11
45
11
11
45
11
11
11
124
44
138
138
44
44
138
78
140
78
11
270
11
49
45
45
11
49
57
45
45
11
12
12
12
98
98
147
78
98
210
49
123
49
49
45
123
12
12
12
211
48
48
12
12
292
48
137
12
98
137
49
84
12
12
84
97
12
48
48
72
48
48
18
48
18
12
72
72
18
18
18
80
212
80
331
80
219
216
219
81
83
212
212
333
80
212
212
80
80
219
239
216
81
83
83
81
81
212
298
333
212
215
215
211
211
80
83
83
83
218
81
81
83
81
81
352
215
84
84
215
132
211
84
222
132
211
211
348
81
218
289
84
132
84
132
84
336
346
268
211
268
35
8
60
114
60
34
34
34
34
34
20
35
8
35
35
8
8
266
114
34
99
31
34
34
99
143
143
61
20
129
8
35
35
8
113
7
7
7
7
99
99
88
31
31
241
61
31
31
92
20
100
100
7
100
30
103
7
7
30
30
103
7
7
7
53
4
31
31
112
31
100
30
220
30
30
146
30
30
7
53
4
7
7
4
31
30
30
4
4
4
4
63
63
63
63
63
164
164
164
64
64
179
324
63
179
341
63
63
224
63
164
64
202
167
64
64
64
179
310
179
163
168
168
63
163
163
221
221
64
64
202
223
64
64
40
340
220
163
163
168
220
311
106
168
168
312
64
221
223
152
40
163
220
106
220
311
227
127
168
127
40
60
60
60
309
161
165
165
319
60
173
60
60
314
161
161
170
161
170
165
59
249
165
59
57
88
88
56
57
57
88
161
170
170
161
213
240
59
87
87
57
57
162
162
56
166
33
88
56
56
33
232
250
87
57
87
87
33
214
56
36
162
56
56
56
56
36
36
36
56
56
249
357
238
238
238
368
249
249
361
357
238
238
247
238
239
247
172
240
249
240
298
249
249
237
239
239
237
237
358
174
237
172
240
240
240
246
295
290
246
246
295
237
290
172
237
291
240
366
246
290
327
290
290
237
290
1
1
10
10
10
10
67
122
13
13
13
1
42
1
1
1
42
155
10
10
122
10
13
13
38
13
13
38
13
134
9
1
1
9
9
1
1
1
1
38
38
277
55
13
38
38
23
13
126
13
154
9
1
39
9
43
14
14
2
54
66
14
14
2
2
2
23
55
75
17
39
9
39
39
16
191
2
16
14
2
2
14
2
2
17
16
16
2
2
2
2
74
117
193
117
27
73
27
70
27
41
229
74
74
193
322
200
27
27
26
70
27
194
70
70
41
41
192
74
192
192
74
74
26
69
69
338
26
26
194
153
26
26
41
26
192
207
69
69
191
91
69
69
228
26
91
41
26
26
198
26
69
337
69
91
254
91
91
26
91
26
18
189
67
67
67
68
18
68
18
18
177
67
78
67
67
78
190
115
230
18
68
68
18
72
68
68
18
19
19
23
23
196
115
23
208
79
72
68
79
19
19
136
71
22
19
19
217
23
82
19
23
188
79
19
121
22
19
71
22
22
71
71
32
23
32
22
22
22
32
32
117
117
117
133
118
268
363
117
268
117
117
273
133
118
120
118
118
268
285
268
132
136
136
117
120
120
272
118
118
120
118
118
307
121
121
132
136
121
276
183
136
136
287
118
272
287
121
121
183
121
286
369
318
136
287
3
3
17
17
17
17
104
176
20
20
3
65
3
3
3
65
204
17
17
176
17
20
20
61
20
20
185
16
3
3
16
16
3
3
3
3
61
61
209
77
20
61
37
20
203
16
3
62
16
66
21
21
4
76
21
21
4
4
37
77
62
16
62
62
93
4
21
4
21
4
111
171
255
171
41
110
41
107
41
280
111
111
255
359
259
41
41
40
107
41
153
107
107
254
111
254
254
111
111
40
106
106
304
40
40
256
40
40
254
264
106
106
253
127
106
279
40
127
40
40
106
303
127
127
40
32
251
104
104
104
105
32
105
32
32
242
104
115
104
104
115
252
281
32
105
105
32
109
105
105
32
33
33
37
37
257
37
116
109
105
116
33
33
187
108
36
33
271
37
119
37
116
33
175
36
108
36
108
108
37
171
171
171
184
172
318
378
171
318
171
171
321
184
172
174
172
318
326
318
183
187
187
171
174
174
320
172
172
172
343
175
175
183
187
175
323
187
187
328
320
175
175
175
345
187
