0
6
6
6
6
34
34
34
13
8
0
0
8
6
6
169
6
6
169
6
6
86
44
86
86
44
86
86
44
24
24
58
8
0
29
8
0
0
0
29
8
124
6
6
169
86
6
6
6
86
86
6
96
86
86
99
44
58
24
24
24
58
58
24
58
8
195
29
8
0
0
29
29
5
0
0
0
0
29
5
99
124
316
6
6
86
233
99
124
6
58
24
24
24
24
58
58
58
24
24
58
58
90
58
5
195
5
5
0
195
5
5
5
0
0
0
5
5
160
160
0
0
0
0
0
24
24
24
24
225
225
85
58
24
24
24
85
85
58
90
24
85
58
90
10
5
234
5
5
195
234
5
5
160
0
0
25
5
89
89
43
28
28
28
15
89
89
43
28
28
28
15
15
15
24
225
85
85
236
52
85
85
52
10
5
234
5
5
25
25
5
89
43
25
25
25
89
43
28
180
15
94
9
28
28
15
15
9
28
28
15
15
15
85
85
52
10
5
25
5
43
25
25
9
25
25
9
141
15
9
141
15
15
28
15
15
28
15
15
10
5
9
9
9
9
15
15
15
1
63
63
63
50
50
50
50
27
51
144
80
144
144
80
144
144
80
50
102
50
50
102
50
50
102
47
47
145
27
278
179
51
51
144
144
275
151
144
144
102
80
151
50
102
102
50
50
50
102
150
47
47
47
145
145
47
47
27
27
278
179
51
278
302
142
51
51
51
144
102
150
275
275
151
50
102
150
150
275
47
47
47
145
145
145
47
47
47
145
145
47
47
27
27
142
142
278
142
142
142
51
51
142
142
306
163
51
51
51
46
46
46
46
46
301
301
101
47
145
145
145
101
101
47
159
27
101
47
27
27
142
142
274
142
142
163
51
274
46
46
46
46
300
141
141
46
46
46
300
300
101
149
46
46
301
101
101
149
27
101
101
149
101
142
142
274
46
46
46
299
299
46
46
141
141
377
46
141
141
244
192
300
101
149
149
101
101
149
101
46
46
299
46
299
192
141
192
141
244
141
244
101
149
101
11
11
11
139
296
139
296
44
269
44
269
44
138
44
78
11
45
11
11
45
11
11
11
124
139
296
269
139
44
269
138
44
44
138
138
44
44
138
78
140
78
11
270
11
11
45
45
11
11
11
45
45
11
11
11
57
124
124
44
138
138
138
44
44
44
138
138
78
140
140
147
78
140
210
11
270
11
49
45
270
11
49
49
45
45
45
11
49
157
57
45
45
45
11
12
12
12
12
292
98
98
147
147
78
98
98
293
78
98
210
49
123
49
49
123
123
49
49
57
45
45
123
12
12
12
12
211
294
48
48
12
12
12
292
292
48
137
12
12
98
98
137
137
98
137
49
123
49
49
84
123
12
12
12
48
148
97
12
12
48
48
48
97
12
211
48
48
156
18
292
48
137
18
98
137
49
84
12
12
84
97
12
84
97
72
48
48
72
48
48
18
48
48
18
48
18
12
72
72
72
18
18
18
18
80
212
80
331
80
331
80
219
216
219
216
219
81
83
212
212
333
80
212
212
80
80
331
219
80
80
219
219
216
216
219
239
216
81
83
83
81
81
212
212
333
212
212
212
333
333
80
212
212
215
382
80
80
219
349
239
80
216
81
83
83
83
226
81
81
83
81
81
212
298
335
212
352
215
333
333
212
215
215
215
211
211
211
80
83
83
83
83
351
218
81
81
83
83
218
81
81
81
81
81
352
298
356
352
215
215
84
84
84
215
215
132
211
211
84
222
222
132
211
211
211
348
81
83
218
218
348
81
218
289
352
215
84
84
215
132
84
84
222
132
346
84
336
132
211
346
350
268
211
211
348
268
218
289
84
132
84
132
84
336
84
336
346
268
346
268
211
268
35
8
60
114
60
114
60
34
34
34
34
34
34
34
20
35
8
35
35
8
8
266
114
114
282
60
114
34
128
34
34
34
99
34
34
34
99
143
143
61
20
129
8
35
35
8
8
35
35
35
8
8
8
266
266
114
34
99
99
88
31
34
34
99
99
31
143
143
241
61
143
143
92
20
129
8
35
129
8
113
35
35
35
8
113
243
7
7
7
7
7
99
99
99
88
261
31
31
241
262
61
31
31
31
241
61
31
31
92
20
100
100
100
100
100
113
7
7
100
30
103
103
7
7
7
30
30
103
103
7
7
7
7
53
30
61
88
31
31
112
92
31
31
112
31
100
100
100
100
30
103
146
260
30
30
103
7
146
30
30
30
7
7
53
53
4
7
7
7
53
4
31
31
112
31
100
30
220
30
30
220
30
30
146
30
30
146
53
4
7
53
4
7
7
4
31
30
30
30
4
4
4
4
4
63
63
63
63
63
63
63
164
164
164
164
164
64
64
179
324
63
179
341
63
63
201
63
63
63
224
63
164
164
224
164
164
64
202
167
64
64
64
179
310
179
179
324
324
63
179
163
341
341
63
63
224
313
221
63
164
64
202
202
167
167
64
64
202
167
64
64
64
179
310
179
380
324
310
179
163
163
168
168
168
63
163
163
163
221
221
221
64
64
202
202
221
223
64
64
64
223
64
64
40
340
340
340
163
168
220
163
163
163
168
168
220
311
325
106
168
168
168
312
64
106
221
221
223
312
64
223
223
152
40
340
220
163
163
220
220
311
106
227
220
311
106
168
227
353
127
168
168
312
127
221
223
152
40
163
220
106
220
311
220
311
227
127
227
127
168
127
40
60
60
60
60
309
309
161
165
165
319
60
173
60
60
308
60
60
317
309
309
314
161
161
170
161
170
165
165
249
165
165
173
319
319
60
173
57
342
60
60
314
314
60
161
161
170
170
161
161
170
170
161
213
165
59
165
165
59
59
249
319
165
59
57
57
88
88
88
56
57
57
57
88
88
161
170
170
170
232
161
213
170
161
213
240
59
165
315
59
57
162
87
87
57
57
57
162
162
162
56
166
181
33
88
88
56
56
56
33
88
232
347
213
232
250
240
59
87
87
57
57
87
87
87
166
33
162
214
56
166
33
162
162
56
56
36
88
56
56
56
232
250
87
57
87
87
33
87
87
36
214
56
36
214
56
56
162
56
56
56
56
36
36
36
36
56
56
56
249
357
357
238
238
238
238
368
249
249
361
357
357
361
357
238
238
248
238
238
247
238
239
247
172
368
249
368
383
249
249
249
361
238
367
357
238
238
239
237
247
238
239
239
247
247
358
174
247
172
240
368
240
298
249
249
240
298
360
249
249
249
237
239
239
239
376
237
237
358
362
174
237
237
358
172
237
172
240
240
240
298
240
240
240
246
246
295
295
290
246
246
246
295
295
237
290
246
174
237
237
291
172
237
291
240
240
240
246
366
366
246
246
297
290
374
246
295
290
290
290
295
237
290
290
237
291
240
366
246
366
327
290
327
290
290
290
290
237
290
1
1
10
10
10
10
10
10
67
122
67
122
13
13
13
1
42
1
1
1
42
155
10
10
52
10
10
10
122
10
131
122
122
13
13
13
38
13
13
38
13
134
42
1
1
42
42
1
1
1
1
42
9
155
155
10
10
122
158
155
10
13
13
38
38
13
13
13
38
38
13
13
126
13
134
9
1
134
9
9
1
1
1
9
9
43
1
1
1
1
1
38
38
38
277
277
55
13
38
38
38
23
55
13
126
38
23
13
126
13
154
9
134
154
9
9
1
1
39
9
43
43
14
14
14
2
54
125
66
14
14
14
2
2
2
38
277
55
55
284
75
23
55
75
17
154
9
39
39
9
43
39
39
39
54
66
14
245
2
54
16
14
14
2
2
2
14
14
2
2
2
23
55
75
17
39
9
39
39
16
39
39
16
191
2
16
191
2
2
14
2
2
14
2
2
17
16
16
16
2
2
2
2
2
74
117
193
117
193
117
27
73
27
73
27
70
27
41
229
74
74
193
322
200
193
193
117
200
27
27
73
73
27
27
70
70
27
194
70
70
41
41
229
74
229
339
74
74
74
193
27
322
322
200
27
27
199
322
26
70
27
194
194
26
70
70
194
153
70
70
41
41
192
229
192
192
74
74
192
192
235
74
74
74
26
69
69
69
338
338
26
26
194
194
153
26
26
26
206
41
26
26
41
26
192
207
192
192
74
207
69
69
69
228
191
91
69
69
69
228
228
26
91
69
69
338
26
26
198
41
26
26
198
26
192
207
69
69
337
337
69
69
191
91
354
69
191
91
91
91
228
26
91
91
26
26
198
26
69
337
69
337
254
91
254
91
91
91
91
26
91
26
18
189
189
67
67
67
67
68
18
68
18
18
177
189
334
189
67
210
67
67
78
67
67
78
190
115
230
18
68
68
18
18
68
68
18
18
18
177
177
67
78
78
23
67
67
78
78
190
190
196
115
190
208
230
18
68
230
18
72
68
68
68
18
72
95
68
68
68
18
19
19
19
332
23
23
196
196
115
23
23
208
115
23
208
79
72
79
79
72
72
68
68
79
19
19
19
136
217
71
22
19
19
19
217
217
23
82
19
19
23
23
188
188
23
188
79
72
79
79
19
19
71
197
22
19
19
71
71
22
22
19
136
71
71
82
22
217
23
82
32
23
188
79
19
121
22
19
121
22
22
71
22
22
71
71
32
71
71
32
23
32
22
22
22
22
32
32
32
117
117
117
117
133
133
118
268
363
117
268
117
117
289
117
117
273
133
133
273
133
118
120
118
118
268
285
268
268
363
363
117
268
132
375
117
117
273
288
117
133
118
120
120
135
118
118
120
118
118
268
285
268
372
363
285
268
132
132
136
136
136
117
120
120
120
371
272
118
118
120
120
272
118
118
118
118
118
307
307
307
132
121
121
121
132
132
136
136
121
276
276
183
136
136
136
287
118
120
272
272
287
118
272
287
307
121
121
132
121
121
276
183
369
121
286
183
136
369
370
286
136
136
287
287
272
287
121
121
183
121
286
121
286
369
318
369
318
136
287
3
3
17
17
17
17
17
17
104
176
104
176
20
20
3
65
3
3
3
65
204
17
17
75
17
17
17
176
17
182
176
176
20
20
20
61
20
20
185
65
3
3
65
65
3
3
3
3
65
16
204
204
17
17
176
205
204
17
20
20
61
61
20
20
20
61
20
20
185
16
3
185
16
16
3
3
3
16
16
66
3
3
3
3
3
61
61
61
209
209
77
20
61
61
37
77
20
92
37
20
203
16
185
203
16
16
3
3
62
16
66
66
21
21
21
4
76
178
21
21
21
4
4
4
209
77
77
231
37
77
203
16
62
62
16
66
62
62
62
76
21
93
4
76
21
21
4
4
21
21
4
4
37
77
62
16
62
62
62
62
93
4
93
4
21
4
21
4
111
171
255
171
255
171
41
110
41
110
41
107
41
280
111
111
255
359
259
255
255
171
259
41
41
110
110
41
41
107
107
41
153
107
107
280
111
280
365
111
111
111
255
41
359
359
259
41
41
153
304
40
107
41
153
153
40
107
107
256
107
107
254
280
254
254
111
111
254
254
283
111
111
111
40
106
106
106
304
304
40
40
256
256
40
40
40
263
40
40
254
264
254
254
111
264
106
106
106
279
253
127
106
106
279
279
40
127
106
304
40
40
152
40
40
254
264
106
106
303
303
106
253
127
373
253
127
127
279
40
127
40
40
106
303
303
127
127
127
40
32
251
251
104
104
104
104
105
32
105
32
32
242
251
364
251
104
267
104
104
115
104
104
115
252
281
32
105
105
32
32
105
105
32
32
32
242
242
104
115
115
37
104
104
115
115
252
252
257
252
281
32
105
281
32
109
105
105
105
32
109
130
105
105
105
32
33
33
33
305
37
37
257
257
37
37
265
37
116
109
116
116
109
109
105
105
116
33
33
33
187
271
108
36
33
33
271
271
37
119
33
37
37
250
37
116
109
116
116
33
33
108
258
36
33
108
108
36
36
187
108
108
119
271
37
119
37
116
33
175
36
175
36
108
36
108
108
108
108
37
171
171
171
171
184
184
172
318
378
171
318
171
171
330
171
171
321
184
184
321
184
172
174
172
318
326
318
318
378
378
171
318
183
381
171
171
321
329
171
184
172
174
174
186
172
172
172
318
326
318
355
378
326
318
183
183
187
187
187
171
174
174
174
344
320
172
172
174
320
172
172
172
343
343
343
183
175
175
175
183
183
187
187
175
323
323
187
187
187
328
172
320
320
328
320
343
175
175
183
175
175
323
345
175
327
187
345
379
187
187
328
320
175
175
175
175
345
345
187
