0
267
27
72
0
0
323
890
8
294
2
58
70
13
652
472
808
29
654
26
1207
29
21
144
2
188
6
292
229
63
1081
17
8
505
34
8
1051
971
72
1346
670
51
45
27
97
969
298
229
2671
5222
97
2525
2059
248
142
142
1769
1575
551
329
574
470
488
1307
27
838
160
431
106
1530
847
1767
431
2561
1307
1
428
12
362
1
9
132
12
10
462
4
40
14
1
494
134
475
32
24
1351
202
94
105
19
661
492
4
147
941
20
10
401
10
330
28
40
14
1149
39
42
2648
348
215
592
200
200
2022
238
54
14
1482
1253
74
695
1405
138
42
2964
3034
592
3062
330
3151
1318
831
256
849
625
643
1695
167
1228
410
2423
1695
2653
453
265
2308
265
1223
125
70
70
844
283
767
103
77
144
2177
1844
321
135
1945
41
21
21
1915
2385
101
29
1134
806
824
2138
100
888
88
224
1842
319
318
3519
2383
224
4115
103
2229
2138
842
767
3
528
16
3
60
3
617
221
7
192
5
38
71
30
647
673
257
43
828
11
5
338
23
5
798
705
83
962
589
18
15
190
18
630
52
35
1739
304
7
129
746
31
59
16
62
703
196
257
2085
3875
62
1891
16
563
3613
515
317
867
302
302
1771
1160
386
71
413
1103
572
3429
746
1932
228
898
916
2356
1168
1338
47
12
1250
681
3615
405
134
360
1249
462
2723
49
49
91
2482
1304
46
460
1632
185
105
105
407
378
1020
164
61
32
2545
32
147
2571
2480
162
49
1907
1140
1139
405
161
1336
119
326
164
3244
405
526
567
192
1640
2064
569
261
166
166
2301
543
1453
811
75
11
270
306
764
25
22
255
25
48
2182
461
1180
1565
44
23
741
23
82
85
4532
691
422
1152
409
409
2306
85
1496
1152
3643
882
1498
569
1726
66
18
1641
949
617
1756
68
68
122
3464
1692
65
615
219
96
52
2020
52
129
3547
3462
217
68
2538
1558
1557
567
216
1724
179
261
219
3282
567
445
108
17
365
149
1017
36
33
227
36
67
1992
445
1593
1979
64
34
665
34
115
116
4249
815
583
775
571
571
1247
116
813
813
2097
453
815
812
81
143
73
632
1226
155
1835
530
168
28
204
600
600
2262
1185
126
78
547
206
20
252
204
168
1462
585
143
749
1965
1132
6090
435
585
293
2731
2013
287
133
111
308
1597
270
75
2169
90
25
1043
580
579
196
92
92
163
4179
1721
89
796
3906
198
287
2167
198
195
744
75
3473
92
553
1995
196
284
1129
466
384
384
1653
631
634
340
194
339
110
4065
340
1741
2889
87
47
1283
47
154
157
575
1554
157
883
1452
967
348
1450
56
53
328
56
102
1799
1147
99
54
936
54
175
176
5515
1068
858
1028
846
846
1638
176
1066
1066
2683
608
1068
407
114
201
107
709
1101
210
1884
31
352
778
675
201
675
2586
1550
6350
133
707
1898
1287
596
382
151
148
151
2266
149
108
2753
121
36
1474
855
854
298
123
123
218
2978
2015
120
1049
3077
236
151
1096
300
297
668
108
1853
123
833
1802
298
379
1547
454
549
549
1904
904
907
507
296
506
170
4350
507
2124
2823
118
66
1672
66
209
212
850
2225
212
454
766
793
515
140
140
206
1526
3001
137
939
426
223
126
2403
126
252
3719
6180
424
140
4436
2646
1577
1127
423
3032
392
466
426
1427
634
3228
136
239
77
240
240
1353
781
232
41
559
272
1888
79
76
434
79
139
3241
781
2916
77
640
3739
1067
1315
217
377
1070
1353
3330
789
1355
1352
153
266
145
1187
2062
278
1591
2025
249
150
1115
415
44
457
413
386
2828
974
2631
2511
266
1291
2509
2502
771
1145
653
1989
361
724
724
1666
1186
1189
683
682
234
5328
683
3047
1682
159
90
2116
90
277
280
214
121
633
375
1840
691
280
174
303
84
477
1119
312
2518
51
519
1031
303
943
2186
2183
5037
191
424
2146
1676
717
3704
181
56
790
419
418
138
183
183
320
3353
1333
180
1480
544
388
2491
168
138
2450
183
2218
479
476
479
1264
477
439
2865
178
101
101
2333
414
1136
311
314
1019
609
701
248
314
587
325
186
1357
186
352
2192
7723
198
4339
3136
1932
1546
584
3933
556
621
587
726
907
2522
112
109
112
595
110
913
1034
332
61
442
367
197
3099
745
3833
2808
1094
1703
319
542
1221
1741
4157
1042
1743
1740
208
203
1599
2651
373
2614
349
205
1538
576
64
612
574
551
3023
1410
3600
361
3490
3484
1024
1563
926
1795
527
989
989
2329
1598
1601
951
950
334
3153
951
1877
1833
121
2702
372
316
181
906
1178
540
375
959
722
274
271
274
4279
272
232
2464
79
511
1774
319
246
246
243
1913
3260
425
3420
4832
246
1758
657
274
1958
659
602
232
3139
719
263
263
415
1446
3742
260
534
762
430
249
994
249
457
1485
3744
263
1369
1471
1459
759
349
732
802
591
1189
276
268
2027
3301
483
2364
2284
273
1975
751
87
749
2374
471
4412
1847
4519
1311
2374
1208
2430
172
112
244
3347
162
162
578
704
194
2029
1587
1266
1266
978
715
1416
573
482
485
485
451
451
290
1745
290
519
2774
7033
300
2057
4850
451
3064
1162
1213
479
991
439
894
862
2126
169
172
870
170
1465
395
96
532
395
669
5059
299
3986
2794
814
282
817
2124
1473
2401
2398
310
305
1950
2860
538
1872
516
307
1240
851
99
886
849
831
3116
708
2042
1875
1864
527
1456
1793
1372
1293
1387
159
3267
481
2446
478
1386
4002
1387
1291
1425
1425
1277
1268
181
537
540
987
369
366
369
2797
367
332
346
343
2543
586
4256
809
876
932
346
2414
369
1361
332
2091
984
358
125
576
760
4625
358
650
787
775
1015
349
1430
1012
516
612
997
1055
866
1601
371
363
1886
4133
638
1205
118
1005
368
1820
1327
626
701
1003
2485
5716
1205
1327
3097
172
344
1824
217
637
853
640
1655
980
715
1655
1342
296
848
400
3374
551
261
1423
395
499
837
3949
386
4420
234
1155
233
236
1412
1408
509
406
1111
1906
3049
2306
417
713
412
4788
529
2520
536
911
910
704
136
1172
1894
510
513
1062
4892
513
244
712
468
468
960
1302
1299
896
623
692
1151
793
1274
454
1533
751
3569
465
1107
960
1439
1587
468
473
2227
819
2243
501
6759
972
976
342
1138
403
1072
2099
1556
1074
389
821
821
1258
1071
380
285
285
1391
236
818
861
447
1255
677
2677
1749
534
499
524
185
851
1013
2799
524
923
1040
1028
1448
430
2058
1212
729
1277
516
886
1615
178
533
2088
1715
899
967
1437
3467
7391
1715
1615
562
3051
831
5635
333
336
1572
334
711
706
1193
242
1181
2158
1247
568
692
1172
609
1232
620
1973
1005
336
687
545
656
1501
380
565
650
4205
659
2007
2050
787
815
1781
955
388
387
389
1393
223
1105
735
1222
503
500
843
503
487
554
585
658
552
689
325
1532
1000
675
642
834
860
689
1623
2158
2042
389
957
424
735
1086
2201
466
1533
726
943
1435
496
1098
957
449
801
932
5481
1845
1849
685
1236
1594
2742
1638
1439
2594
893
923
1040
1768
1068
2742
2631
2292
1000
1516
621
1232
991
1378
3385
953
2487
2483
783
1230
1107
1780
1086
676
679
1369
1471
993
679
947
1113
985
720
3254
1213
728
727
2424
1498
760
729
802
785
1013
2795
894
1389
