0
429
267
267
27
95
0
0
128
6
1273
267
1461
1515
550
1461
72
0
128
323
0
0
0
1515
323
165
1953
1515
890
72
1388
1388
323
50
1388
2112
2
50
294
890
8
502
294
294
2
58
58
106
70
58
58
187
58
652
2438
652
652
472
391
72
13
13
652
652
13
792
737
472
502
663
502
502
13
792
765
1305
808
808
29
654
26
1332
26
1332
1279
2285
881
1207
29
654
93
1089
1089
26
26
1207
1207
177
55
881
29
903
903
1089
1217
2
731
144
55
55
55
21
144
144
222
93
555
187
937
937
329
903
2365
2
2
937
188
2106
472
903
188
251
188
2
251
6
456
864
808
864
312
456
397
6
6
292
292
177
29
292
292
1461
292
165
525
394
95
394
267
769
267
1081
229
95
394
2238
95
63
2540
1081
323
3300
229
199
63
1755
8
63
63
323
924
17
17
8
8
505
505
847
34
505
505
1397
505
1787
971
1787
1705
971
1110
229
226
8
1787
1051
226
3583
1705
971
199
1051
8
588
8
33
1568
1102
1789
327
327
327
1346
1397
5217
72
72
1346
1346
1225
1346
971
2160
971
2310
72
1225
1114
670
670
51
836
429
836
1114
747
772
508
51
171
769
45
836
45
45
27
97
508
508
97
45
27
1081
148
1800
2523
97
969
969
1583
298
969
969
983
969
3935
5222
3935
4091
5222
2242
2242
229
229
2680
2671
667
5222
6471
5222
2242
2671
2704
2680
229
2704
6211
983
2558
983
2705
2705
2705
772
670
667
97
2705
2525
6817
6031
772
2525
97
2525
97
297
3223
2059
2059
248
1305
1305
1481
3341
2122
3069
799
248
1769
1305
160
1481
142
142
142
2433
2433
799
1769
142
142
1279
142
2179
2798
2427
1575
1575
2366
551
555
1529
1766
2510
2366
2510
2170
963
789
555
106
654
329
3869
574
488
470
963
470
329
574
329
329
470
470
470
1766
3663
3663
5076
4305
2081
4854
1307
1766
488
4305
1307
488
4305
3069
1307
2427
1769
488
1352
429
1276
1276
838
258
838
808
2140
429
27
3449
838
27
258
808
1382
397
3449
27
27
1426
3067
3223
2143
1880
699
1806
431
1426
160
1880
431
160
1880
838
431
838
2217
160
476
1529
1575
2366
3366
2366
1530
106
3487
106
1574
847
5463
1530
1530
106
1364
1574
2244
2244
2440
1575
3870
1575
4257
3366
1767
1605
1605
847
847
4257
1767
2440
3692
1605
2795
4828
4091
847
2440
2558
5221
2558
1583
3871
3938
2143
2059
670
431
6831
2561
3871
3871
2143
2561
431
2561
431
1162
3870
3870
1767
1583
2059
1307
1767
1307
1767
1583
3938
3938
1307
3254
1
725
428
428
12
590
1
9
611
37
428
428
1206
428
155
12
362
9
611
269
1
9
9
132
132
86
86
12
12
362
777
132
132
220
777
132
4
86
264
24
10
777
462
462
4
40
40
74
14
1
131
1
131
494
684
684
494
235
1662
362
1
1
2075
494
69
684
1841
134
1121
830
1121
1121
69
134
134
797
475
475
32
37
1720
124
1519
1519
475
1351
1351
202
1206
1668
37
24
1351
1351
4
996
202
202
452
1617
24
452
24
24
324
94
94
167
105
94
94
291
94
925
3412
925
661
492
398
74
19
19
925
661
19
1045
661
492
235
934
235
235
19
1045
827
124
835
291
742
742
256
475
1316
4
4
742
147
2692
627
475
147
351
147
4
351
1537
941
941
20
590
1665
590
1665
401
671
230
401
20
1061
2725
590
10
1825
401
39
10
230
10
1061
678
269
1825
10
10
10
399
330
330
28
40
40
558
558
301
1149
98
28
1149
40
14
362
40
98
14
1022
2844
98
1149
494
14
494
1123
362
4132
1511
399
399
399
42
1149
42
1537
702
1022
39
241
42
1149
2939
241
78
39
241
39
130
2963
2648
2648
348
725
2973
725
2973
2728
2708
2514
965
348
2452
592
725
215
2514
592
215
215
2514
200
401
592
401
1126
215
631
200
797
797
4168
3963
1052
2425
797
2022
1693
200
2022
2022
200
1052
2022
2022
1668
2035
200
200
238
238
410
54
238
238
693
238
2439
1407
2439
1963
1253
1535
330
231
14
2439
1482
231
2019
1963
1253
301
1482
14
863
14
53
1366
693
1867
498
498
498
695
693
2952
74
74
1734
695
1100
695
1407
1156
1366
1253
74
1100
1405
1405
2253
138
1419
1419
1822
1419
2964
3662
3662
2964
3662
938
938
1025
42
8119
2964
941
3662
4590
3034
42
4254
42
137
702
1887
3034
2855
2963
2728
2648
2728
3062
2855
2253
941
592
6574
3062
592
3540
5218
4631
5218
5218
592
1577
1405
1405
1405
3314
2964
3151
1153
1153
330
330
3640
3151
2964
6389
1153
3631
3086
3640
330
3086
2120
1318
1318
831
835
2213
2422
3491
1318
3491
2754
1399
1042
835
167
927
256
3159
849
643
625
1399
625
256
849
256
256
625
625
625
2120
2120
2120
6121
5559
2669
4498
1695
2422
643
5559
1695
643
5559
3188
1695
3188
2425
643
1740
1867
2245
1318
3311
1318
1228
167
1867
167
1252
410
3358
1228
1228
167
1156
1252
1156
1156
1875
2245
4492
2245
5523
3311
2423
2274
2274
410
410
5523
2423
1982
2156
2274
3740
4822
5388
410
1982
4492
4492
2423
2648
2253
1695
1695
2423
2423
1695
3062
4089
2253
5275
3996
2653
2653
453
294
2335
841
5048
2653
3351
1339
3074
453
2335
2315
294
265
2315
2308
283
265
1339
265
550
2308
550
550
265
265
265
1974
1223
1223
125
765
765
2109
2109
1289
1763
463
125
844
765
88
1348
70
70
70
3368
1392
463
844
70
70
737
70
1348
1392
1392
841
4068
4068
3371
2336
1245
3103
767
841
283
2336
767
283
2336
1763
767
1763
844
283
812
182
103
103
77
182
541
182
182
4163
1844
1844
2353
1844
309
309
144
144
2177
2177
433
1844
4295
1844
309
2177
2061
2177
144
2061
2892
546
222
734
472
1309
472
1945
321
222
734
2402
222
135
4438
1945
188
5012
321
408
135
3061
21
135
135
188
557
41
41
21
21
546
1092
908
908
908
2611
546
436
433
21
3089
1915
6234
2611
408
1915
21
1148
21
76
2385
2385
3687
101
525
1449
890
4411
3687
4411
3396
1836
1329
29
100
1209
29
6385
1134
824
806
1836
806
29
1134
672
672
806
806
806
890
5460
2653
2138
2653
2138
5460
5445
890
824
5445
2138
2308
2412
5167
3318
824
5167
824
2183
541
1488
3687
888
888
888
541
103
100
100
888
888
2898
1493
2353
911
2195
2353
100
2898
1761
1761
1974
1312
1008
356
1309
917
88
88
224
1008
1008
224
88
1945
271
917
4421
224
1842
1842
2906
319
1505
1842
1856
1842
5250
2383
2383
5250
2383
318
318
436
318
4543
3519
321
2383
3714
2383
318
3519
4009
4543
436
4009
2405
1856
4455
1856
4565
4565
4115
1312
1223
321
224
4565
4115
5489
7907
1312
4423
224
4423
224
602
1488
2385
2928
2928
2928
3467
2899
2229
103
103
2229
2229
4139
3982
2229
2229
2382
5182
103
2382
2385
3996
3298
2228
2138
842
2906
2906
2385
2138
2228
842
2138
4976
2906
1389
3072
6436
3072
3072
3996
3371
842
4455
1223
767
842
767
842
6386
6386
6386
767
2007
3
865
528
528
16
3
60
3
15
146
1962
1030
528
1085
1030
385
3
3
3
322
60
146
3
1540
617
221
1085
1085
221
7
104
104
617
952
952
192
83
952
2479
221
7
192
192
335
5
38
38
71
71
38
127
38
38
1782
660
660
647
673
30
30
438
30
1476
647
83
1371
673
673
30
1080
335
1476
335
335
739
441
60
441
528
1215
528
828
257
60
441
1567
60
43
1909
828
221
5113
257
141
43
1367
5
43
43
221
651
11
11
5
5
338
338
572
23
338
338
961
338
1981
705
1981
1317
705
1235
257
254
5
1981
798
254
2610
1317
705
141
798
5
427
5
22
1150
961
1983
225
225
225
962
961
3868
83
83
2392
962
1118
962
705
1573
705
1643
83
1118
990
589
589
18
15
885
57
589
589
1616
589
210
18
885
364
15
15
190
190
117
117
18
18
190
190
1030
190
117
359
35
1050
630
630
52
57
2379
184
2204
2204
630
1739
1739
304
1616
1811
57
35
1739
1739
7
1432
304
304
607
1811
35
607
35
35
495
127
390
127
666
666
228
630
1704
7
7
666
129
3212
900
630
129
518
129
7
518
1239
746
746
31
561
865
561
1239
942
968
341
31
111
1215
59
561
59
59
16
62
341
341
62
59
16
828
189
1567
1889
62
703
703
1168
196
703
703
718
703
3035
3875
3035
3258
3875
1571
1571
257
257
2094
2085
743
3875
6241
3875
1571
2085
2118
2094
257
2118
5520
718
1929
718
2119
2119
2119
1457
746
743
62
2119
1891
8569
4967
968
1891
62
1891
62
195
865
2328
2328
563
331
563
1491
3087
865
16
2465
563
16
331
1491
946
364
2465
16
16
3874
3613
3613
515
990
3884
990
3884
3682
3665
3495
1401
515
1999
867
990
317
3495
867
317
317
3495
302
563
867
563
1545
317
904
302
1050
1050
5453
5294
1483
2101
1050
1777
2002
302
1777
1771
302
1483
1777
1771
1811
2624
302
302
1160
1160
1706
386
1099
1099
1160
1706
1706
4143
1706
697
1103
71
71
2505
71
1159
413
572
4184
1103
1103
71
413
1573
1159
1573
1573
1788
1160
2958
1160
4290
4143
3429
1194
1194
572
572
4275
3429
1788
2740
1194
4618
4916
3258
572
1788
1929
3874
3682
3613
3682
1932
1929
1168
746
746
6479
1932
867
1932
2959
3039
2959
2959
746
2247
390
3428
1876
1876
1876
1473
390
1373
228
2957
916
898
697
898
228
228
228
898
898
898
2706
2706
5700
2356
4030
2356
2706
7684
3428
916
4496
2356
1771
3430
4496
3629
916
4496
916
1771
2958
3613
2356
2958
1168
1168
2356
3039
2961
3429
3429
3429
1168
3039
1338
1338
2148
47
264
763
462
3230
2148
3230
3230
1250
1132
12
46
1619
12
4501
1250
681
681
1250
681
12
1552
459
459
681
1059
681
5322
3615
3615
405
134
404
1285
6099
4177
3615
1727
608
2013
134
378
1285
134
360
360
1261
1261
1727
1249
360
360
830
360
830
830
1249
462
3349
3615
2723
3615
2723
3349
3327
462
462
3327
2723
1249
3418
2895
3320
1077
2895
1077
1249
91
49
49
49
91
91
281
91
1328
3283
1328
2482
1304
202
594
152
91
2482
2482
152
2759
4352
1304
202
3407
2650
2650
152
2759
2100
281
805
281
49
1304
483
2148
460
46
46
460
460
1304
1304
460
460
2014
810
46
2014
2595
1632
1632
185
1018
1018
1137
2695
1678
2419
618
185
407
492
119
1137
105
105
105
1854
688
618
407
105
105
661
105
688
688
688
404
5373
5373
3243
1286
1286
3990
1020
404
378
1286
1020
378
1286
2419
1020
1854
407
378
1065
286
164
164
61
286
822
286
286
597
570
570
2545
61
480
480
594
32
3976
2545
32
32
1566
32
480
3029
6306
3584
32
109
32
324
999
627
1697
627
2571
999
1356
324
147
5653
2571
147
4722
193
3955
193
193
147
440
2480
2480
3823
162
805
2134
1338
3845
3003
3845
3845
3003
1847
49
161
3817
49
5430
1907
1140
1140
3321
1140
49
1907
1335
1335
1140
2913
1140
1338
5322
4130
1139
1139
405
3823
3823
1338
1139
1139
405
2723
2911
3823
685
3192
4430
3192
3320
822
2176
2480
1336
1336
1336
597
164
161
161
1336
1336
3003
2181
597
1359
3363
3363
161
4979
2193
2417
2595
1700
1442
522
1697
489
119
119
326
1442
1442
326
119
2571
366
489
5636
326
2176
3395
1700
1632
1700
4881
2494
3244
164
164
3244
3244
326
5638
3244
3244
3393
6959
164
876
3395
4195
405
1632
3395
405
1020
405
405
1020
7108
2600
4428
4428
526
526
882
567
526
526
543
526
2149
5022
2149
2606
2064
385
385
192
192
1650
1640
566
5064
2064
2064
385
1640
1674
1650
192
1674
3147
956
569
569
261
956
956
2492
956
891
3425
891
289
2301
673
166
1555
166
166
166
1555
3654
2339
2301
166
166
647
179
1451
1451
3570
543
1495
543
1675
1675
1675
2492
569
566
543
1675
1453
3231
3383
3425
1453
5318
1453
566
3231
874
811
811
75
247
874
247
811
2147
811
811
270
411
651
1284
11
11
1284
270
11
694
270
306
1284
461
2501
1182
11
694
306
1267
764
764
25
22
1171
80
764
764
2043
764
278
25
1171
474
22
22
255
255
158
158
25
25
255
255
1317
255
158
469
48
80
3028
1438
1438
1438
2182
2043
2448
80
48
2182
2182
1868
411
788
2448
48
788
48
48
874
2303
912
912
912
1906
874
1198
1677
461
1180
1180
4027
2606
1180
1180
461
1180
461
461
2497
1565
1565
44
1150
2986
1150
2986
741
1224
437
741
44
1925
4010
1150
23
3121
741
82
23
437
23
1925
1231
474
3121
23
23
23
739
739
739
85
962
85
2864
1248
1643
82
446
85
962
2507
446
150
82
446
82
253
4749
4532
4532
691
1267
4755
1267
4755
4585
4568
2332
1838
691
1565
1152
1267
422
2332
1152
422
422
2332
409
741
1152
741
1986
422
1186
409
1337
1337
6584
6456
1916
2306
1337
3262
3002
409
3262
2306
409
1916
3262
3262
2448
3275
409
409
2497
3118
2814
3688
313
1496
1813
1895
85
313
1815
3688
313
1496
85
85
260
1248
3154
2386
4693
4749
4585
4532
4585
3643
1562
1562
1815
1152
9199
3643
1152
6227
1496
5407
1496
1496
1152
1459
2303
3350
6792
3004
4920
1498
882
882
2303
882
2389
1498
4920
2306
882
2389
1198
2389
1198
3046
1495
4532
3004
1495
569
569
3004
4819
1498
2304
2304
2304
569
5472
1726
1726
2733
66
359
1016
617
4067
2733
4067
4067
1641
1550
18
65
2288
18
5702
1641
949
949
1641
949
18
2223
614
614
949
1489
949
617
4176
2064
3679
2064
1756
4176
4156
617
617
4156
1756
1640
1756
3814
2780
1507
3814
1507
1640
122
68
68
68
122
122
376
122
1716
3336
1716
3464
1692
304
869
207
122
3464
3464
207
3336
4698
1692
304
4226
2018
2018
207
3710
2686
376
1058
376
68
1692
638
2733
615
65
65
615
615
1692
1692
615
615
2607
1063
65
2607
381
219
219
96
381
1075
381
381
872
845
845
3163
96
635
635
869
52
5304
2020
52
52
2237
52
635
2020
6726
2020
52
169
52
495
755
755
1744
295
5286
900
2358
495
129
7344
3547
295
295
900
3547
129
4318
129
393
3462
3462
4865
217
1058
2719
1726
4865
3908
4865
4865
3908
2485
68
216
5169
68
3307
2538
1558
1558
3095
1558
68
2538
1723
1723
1558
3830
1558
1726
3147
3328
1557
1557
567
5175
5175
1726
1557
1557
567
2780
3828
5175
953
4034
5645
2780
2780
1075
2758
3462
1724
1724
1724
872
219
216
216
1724
1724
3908
2763
872
1747
3163
3163
216
4379
2775
3423
3570
2016
754
261
644
497
2358
179
754
261
179
754
644
447
3547
6811
179
531
2758
4215
2361
2301
2016
4930
3476
4081
219
219
4081
3282
497
4764
4081
3282
4213
6441
219
447
3147
3147
567
2301
4215
567
1453
567
567
1453
7025
3574
5643
5643
445
445
750
108
347
445
347
1064
2732
1064
1064
365
259
924
1673
17
17
1673
365
17
444
365
149
1673
616
3483
1595
17
444
149
1656
1017
1017
36
33
1586
113
1017
1017
2632
1017
373
36
1586
629
33
33
227
227
213
213
36
36
227
227
1705
227
213
624
67
113
3930
750
750
750
2764
2632
1992
113
67
2764
1992
1242
259
1041
1992
67
1041
67
67
445
1244
484
484
484
2184
445
1609
2338
445
1593
1593
4550
3580
1593
1593
616
1593
616
616
3110
1979
1979
64
1568
3896
1568
3896
665
1633
598
665
64
2555
4524
1568
34
2832
665
115
34
598
34
2555
1106
629
2832
34
34
34
663
663
663
116
1398
116
3110
1639
2310
115
601
116
1398
3489
601
205
115
601
115
353
5848
4249
4249
815
1656
5854
1656
5854
3233
3326
1282
1282
959
2236
1570
1656
583
1282
775
583
583
1282
571
665
775
665
1792
583
1598
571
1725
1725
8001
7920
2546
1247
1725
4095
3907
571
2010
1247
571
2546
2010
2010
1992
2010
571
571
2789
2789
2789
2151
156
813
1977
2529
116
156
1979
2151
156
813
116
116
355
1639
4003
1340
5842
5848
5765
5725
3233
2097
2233
2233
1979
813
6408
2097
1570
6700
813
3278
813
813
1570
775
1244
2150
4249
3909
4249
815
453
453
1244
453
1343
815
4753
1247
453
1343
1609
1343
1609
3008
812
5725
3909
812
844
812
3104
3369
815
1245
1245
1245
844
3369
81
81
143
143
81
250
81
81
3084
1214
1214
1053
1226
73
73
774
73
1708
632
155
2779
1226
1226
73
632
678
1708
678
678
1281
1709
3232
432
432
432
1835
1748
1748
155
155
4332
1835
1978
1835
1250
2897
1250
2966
155
1978
889
530
530
168
1863
1863
2334
2334
530
3686
1494
354
1004
1863
599
1370
28
599
204
600
1494
1494
600
28
204
28
28
514
514
600
889
889
3184
2013
639
2766
889
2262
1288
600
2262
2262
639
639
2262
2262
600
2278
600
1635
1914
1185
1185
126
130
4325
396
4004
3717
1185
1508
547
206
2939
2613
130
78
1023
547
20
1009
206
206
1023
919
78
1023
78
78
357
250
730
250
1220
1220
435
1185
3013
20
20
1220
252
1509
1053
1185
252
357
252
20
357
1914
1914
530
1460
530
168
1914
839
2264
204
839
168
204
168
839
293
2613
2219
204
204
2006
1462
1462
585
1961
1961
2006
3014
3014
6567
3014
1243
1965
143
143
1717
143
2005
749
1132
4219
1965
1965
143
749
2897
2005
1717
2897
3090
2006
2337
2006
6680
6567
6090
2033
2033
1132
1132
6667
6090
3090
2768
2033
6870
3418
4978
1132
3090
730
5859
1462
1462
1462
585
730
2781
435
3671
982
982
1243
585
435
435
435
982
1409
982
4566
4566
4566
8381
3932
4173
1460
3512
5859
293
4173
2731
1805
3932
1460
2731
293
3453
293
293
2337
2337
6157
2013
3619
2013
6157
3512
6157
2013
2766
2766
3512
2731
491
287
287
133
1455
1455
1871
825
308
2187
825
308
1597
111
111
3006
111
1443
308
3006
4468
1597
1597
111
523
189
31
189
560
2544
306
306
1871
1130
402
133
306
75
1182
270
402
75
2544
402
270
75
270
776
1182
2544
2169
2169
3376
90
469
1303
798
4955
1694
4121
4121
1694
974
25
89
2942
25
6004
1043
580
580
2086
580
25
1043
795
795
580
1590
580
798
5056
6241
579
579
196
5056
5034
798
579
579
196
2085
1588
2532
342
1941
2532
1941
2085
163
92
92
92
163
163
486
163
2159
4999
2159
4179
2135
411
1154
275
163
4383
4179
275
4611
2727
1721
411
5109
3776
3776
275
3581
1721
486
1345
486
92
2135
819
3376
796
89
89
796
796
2135
2135
796
796
1694
1350
89
3259
4381
3906
3906
198
577
3402
577
4395
2167
4968
3437
2167
198
287
287
577
287
3437
2167
981
345
3926
198
287
2190
308
877
345
345
345
195
5701
3906
3906
3906
1236
5701
1994
195
195
744
744
981
198
744
744
1891
744
981
2552
491
1362
491
1157
1130
4443
816
816
1154
75
6465
3473
75
2890
816
3473
7390
4179
75
233
1345
3362
2169
5737
2516
6362
2516
553
3134
92
284
6010
92
2516
553
1995
1995
4018
1995
92
929
2166
929
1995
4731
1995
2169
6000
6342
5520
2169
196
1994
4924
3556
196
196
196
2530
2530
1362
4381
1523
1157
284
284
2167
1523
1523
1157
3473
5068
284
3473
1829
1129
1129
466
1829
1829
4393
1829
1790
6155
1790
649
1653
1226
384
2879
384
384
384
2879
5246
4307
1653
384
384
632
392
632
632
2627
631
1707
4393
1129
4035
634
631
348
1126
631
2453
634
2726
634
965
1056
965
965
1126
2726
340
340
575
194
2168
2100
340
1576
1576
3873
1576
194
4065
3747
758
1626
339
339
110
1626
4982
3172
4065
339
110
4352
339
1626
3811
4982
340
964
374
374
374
1741
340
4776
4063
340
4202
1741
2035
3647
3873
2755
5642
3666
2035
4803
4398
2889
2889
87
1552
4762
1552
4762
1283
2060
773
1283
87
3181
4207
1552
47
4870
1283
154
47
773
47
3181
2067
810
4870
47
47
47
1281
1281
1281
157
1835
157
4701
2084
2966
154
782
157
1835
4408
782
273
154
782
154
458
2100
3655
575
575
575
2477
2889
1554
2100
575
4301
1554
758
194
1283
1554
1283
3235
758
2026
4398
4867
4659
2679
664
883
3109
3157
157
664
1452
5362
664
883
157
157
465
2084
4893
1452
2512
2512
2886
2886
2679
967
2512
3882
3111
1452
1580
967
1452
2846
1580
1580
1554
1580
1452
2825
964
1129
1129
348
964
348
1056
3882
967
348
4036
1056
3882
2360
2321
1450
1450
56
53
1797
173
1450
1450
3601
1450
538
56
1797
902
53
53
328
328
315
315
56
56
328
328
1963
328
315
897
102
173
5270
1004
1004
1004
2841
3601
1799
173
102
3248
1799
1634
354
1472
1799
102
1472
102
102
1859
1147
1147
99
2239
3205
2239
2933
936
2302
873
936
99
3205
3164
2239
54
2994
936
175
54
873
54
2994
1176
902
2994
54
54
54
934
934
934
176
695
176
2822
2307
1253
175
875
176
695
1870
875
307
175
875
175
520
7491
5515
5515
1068
2321
7496
2321
7496
4070
4155
1671
1671
1268
1147
1147
2321
858
1671
1028
858
858
1671
846
936
1028
936
1900
858
2267
846
2384
2384
9851
9797
3526
1638
2384
5392
4299
846
2603
1638
846
3526
2603
2603
1799
2603
846
846
1859
3734
2925
2735
211
1066
1783
1859
176
211
1785
2735
211
1066
176
176
521
2307
5329
1728
4464
7491
7427
7395
4070
2683
1144
1144
1785
1066
7881
2683
2241
8072
1066
4111
1066
1066
1785
1028
1635
2734
5515
5251
5515
1068
608
608
1635
608
1731
1068
5852
1638
608
1731
2278
1731
2278
3913
1065
7395
5251
1065
407
407
3991
4193
1068
1636
1636
1636
407
4193
114
114
201
201
114
350
114
114
3974
1624
1624
709
1101
107
107
1027
107
1177
709
210
3724
1101
1101
107
826
946
1177
946
946
1670
2368
4069
593
593
593
2474
2076
2076
210
210
2972
1884
1784
2474
1641
1884
1641
3877
210
1784
350
995
350
1629
1629
596
1597
3917
31
31
1629
352
826
709
1597
352
523
352
31
523
1287
778
778
675
2584
2584
2599
2073
2073
4882
2073
675
2586
201
201
2376
201
1122
675
1550
5491
1325
2586
201
1003
3065
1122
2376
3816
3977
2599
1287
2599
6350
4882
6350
2622
2622
1550
1550
6630
6350
3977
3716
1756
6630
1756
4236
1550
3977
3245
6352
3245
3245
778
8768
4454
860
2991
7501
1418
776
133
1897
707
1898
4454
4454
1898
133
707
133
133
776
1831
1898
1287
1287
6350
2606
2069
1287
6350
1898
6366
1937
1937
1937
1898
3685
995
778
778
995
3726
596
2129
707
675
596
596
596
707
707
646
382
382
151
770
770
2024
770
151
2769
1078
151
2266
171
171
3911
148
756
151
3911
3155
2266
2266
171
262
148
51
148
443
3524
149
149
2024
1548
564
191
149
108
1595
149
564
108
3524
564
365
108
365
1029
1595
3524
2753
2753
4200
121
624
1691
1051
6022
2355
5416
5416
2355
1410
36
120
3859
36
4418
1474
855
855
2672
855
36
1474
1048
1048
855
2259
855
1051
6105
6358
854
854
298
6105
6089
1051
854
854
298
2671
2257
3513
509
2569
3513
2569
2671
218
123
123
123
218
218
641
218
2743
3038
2743
4518
2720
259
748
370
218
5608
2978
370
3038
3681
2015
259
2978
3129
3129
370
2015
2015
641
1733
641
123
2720
1072
4200
1049
120
120
1049
1049
2720
2720
1049
1049
2355
1738
120
4092
3077
3077
4652
236
852
4221
852
3077
1776
6032
1776
1776
300
382
382
852
151
1776
1096
1417
512
4278
300
151
1096
151
448
512
512
512
297
6211
6813
1801
668
668
5248
5248
297
297
668
668
2525
668
5248
1111
1417
300
1417
3532
646
753
646
1256
1548
2923
753
1069
748
108
4445
1853
108
3217
1069
1853
4518
4528
108
333
1733
4187
2753
7404
3497
4652
3497
833
2847
123
379
7604
123
3497
833
1802
1802
4483
1802
123
1375
2750
1375
1802
4329
1802
2753
6211
298
4652
2753
298
1801
298
298
4652
5994
1956
3511
3511
1750
5606
2208
1256
379
379
2751
2208
2208
1256
1853
6113
379
1853
2468
1547
1547
454
2468
2468
5614
2468
2442
7702
2442
922
1904
1101
549
3036
549
549
549
2998
2998
4716
1904
549
549
905
556
905
905
1954
904
2367
904
515
1401
1486
5614
1547
1545
904
2000
907
1401
1401
5354
907
3680
907
1545
3680
507
507
850
296
2752
2686
507
2246
2246
5220
2246
296
4350
4280
1011
2295
506
506
170
2295
6043
4015
4350
506
170
4698
506
2295
4950
4950
507
1400
539
539
539
2399
507
3297
3160
507
5478
2124
2101
2101
5220
2124
7052
2124
2624
5889
4298
2823
2823
118
2223
3201
2223
5860
1672
2649
1026
1672
118
3201
5483
2223
66
3019
1672
209
66
1026
66
4024
1919
1063
5946
66
66
66
1670
1670
1670
212
2474
212
4298
2049
3877
209
1035
212
2474
5629
1035
368
209
1035
209
613
2110
2110
850
850
850
2840
3216
2225
2686
850
5555
2225
1011
296
1672
2225
1672
4072
1011
1919
4647
5943
4647
3639
935
454
2821
4006
212
935
766
3206
935
454
212
212
620
2049
4833
766
3493
3493
3805
3805
2108
793
3493
5228
2823
766
2108
793
766
2108
2250
1311
2225
2250
766
2047
1400
515
515
1547
1400
515
1486
3316
1486
1547
4946
1403
3297
1311
245
140
140
140
245
245
716
245
3024
5043
2432
2432
3001
206
603
416
206
2432
1526
416
3970
2432
3001
206
1526
547
547
416
5493
3970
716
1922
716
140
3001
1193
3506
939
137
137
939
939
3001
3001
939
939
4499
1927
137
4499
721
426
426
223
721
1939
721
721
606
1770
1770
3554
223
1190
1190
603
126
4012
2403
126
126
4265
126
1190
2403
3718
2403
126
387
126
1014
1014
1014
3050
655
3719
1053
2709
1082
252
8000
3719
655
655
1053
5496
252
3480
252
733
6180
6180
7061
424
1922
4577
3034
7061
6412
7061
7061
6412
4058
140
423
7379
140
5019
4436
2882
2882
4846
2646
140
4436
1621
3031
1621
1621
2646
1577
3876
8506
8506
8506
1623
1577
2881
3034
1577
2881
1127
2646
1623
2881
1127
3540
6346
2646
2646
1939
4610
6180
3032
3032
3032
606
426
423
423
3032
3032
5929
4615
606
3053
3554
3711
423
6744
2627
2713
2627
3261
1296
466
1199
1084
2709
392
1296
466
392
1296
1199
783
5496
7494
392
1104
4610
6619
3516
1653
3261
2287
6191
5584
426
426
3553
1427
1084
6982
3553
1427
6618
3553
426
783
3876
1653
634
6619
3876
634
5917
634
1712
5917
1127
8680
1127
1127
4860
3228
3228
136
1217
2892
1217
4860
2956
2962
1161
136
414
4295
239
1217
239
239
77
240
1161
1161
240
239
77
2802
696
2802
3646
240
3594
4640
2687
2687
279
1353
4427
2710
3226
240
3378
1353
279
279
2962
2171
240
4129
240
698
781
781
1292
232
557
781
690
1928
4589
1928
1928
559
464
557
2451
41
41
2451
559
41
780
559
272
2451
940
6198
2918
41
780
272
2712
1888
1888
79
76
2909
237
1888
1888
4520
1888
713
79
2909
1184
76
76
434
434
420
420
79
79
434
434
2611
434
420
1179
139
237
2748
1292
1292
1292
4616
4520
3241
237
139
4616
3241
2078
464
1905
3241
139
1905
139
139
781
2080
820
820
820
3409
781
2932
1534
781
2916
2916
963
2508
2916
2916
940
2916
940
940
2712
2712
6017
1219
1158
640
2712
1067
2892
77
2551
640
77
1158
2741
1067
1184
4677
77
77
3739
3739
5139
2979
8826
2979
8826
4958
4169
1722
2115
217
4264
2894
2979
1067
2115
1315
377
1143
1722
217
1219
1315
1067
3094
1067
2209
377
3033
3033
3033
3567
3256
1518
5139
5139
4149
377
2746
1070
3241
3256
2746
1070
377
1376
377
1062
5755
5755
3746
3755
1353
4995
7722
8737
3228
1353
6008
3330
1353
1353
4958
3330
2894
5647
2710
1315
2080
3377
789
789
789
2174
2080
6649
789
2932
6413
2174
2174
1355
2932
3567
1735
6095
2083
1355
1352
1352
2081
1769
3739
1352
2081
4855
2081
1769
5074
5074
6413
1355
153
153
266
266
153
455
153
153
2689
2051
2051
1917
2062
145
145
1314
145
2689
1187
278
3851
2062
2062
145
1187
1231
3016
1231
1231
2114
1590
2690
768
768
768
1591
1590
3054
278
278
5731
1591
3227
1591
2086
2534
2086
4750
278
2688
3170
2025
2025
249
253
3696
736
6488
5803
2025
2856
1115
415
2507
4504
253
150
1893
1115
44
1881
415
415
1893
1808
150
1893
150
150
700
455
1272
455
2056
2056
771
2025
4778
44
44
2056
457
2857
1917
2025
457
700
457
44
700
3170
3170
1103
2826
1103
386
3170
1764
4277
413
1764
386
413
386
1764
653
4504
4250
413
413
3253
2828
2828
3253
4144
3253
3253
9278
2511
9194
2631
2511
3273
3273
974
974
9272
2631
974
4841
4620
2511
1588
4040
1588
3897
974
342
3872
2690
3211
4779
4779
2511
2079
266
266
2690
266
3252
1291
2511
3214
266
1291
2534
3252
2534
2534
2509
2509
4144
10724
5906
3858
2509
2502
3258
2509
6006
2502
5906
5906
2740
2502
4618
4588
3258
4618
1272
5265
2828
2828
2828
1145
1272
4632
771
2657
1855
1855
2079
1145
771
771
771
1855
2805
1855
5265
5265
6432
2681
5497
653
2502
3102
6432
2502
653
5686
653
653
3125
1989
1989
361
3125
3125
6750
3125
3092
5964
3092
1204
2647
2062
724
4714
724
724
724
4714
4059
6696
1666
724
724
1187
732
1187
1187
1666
1186
3015
1186
691
1657
1920
5933
1680
1986
1186
4356
1189
1838
1838
5933
1189
4583
1189
1986
4583
683
683
1135
3394
3333
683
2900
2900
6388
2900
403
5328
2727
1298
2949
682
682
234
2949
7150
4904
5328
682
234
5238
682
2949
5238
7150
683
1837
714
714
714
3047
683
6986
5571
683
6607
3047
3275
3521
6388
4607
7498
5219
3275
7010
1682
1682
2670
159
1721
1721
1043
5999
2116
3299
1313
2116
159
1721
5976
2876
90
5179
2116
277
90
1313
90
4913
3306
1350
5398
90
90
90
1043
2114
2114
280
1591
280
3455
1714
1043
277
1322
280
1591
3902
1322
478
277
1322
277
794
3333
5165
2670
214
214
214
1135
1135
3333
214
214
121
2116
628
1135
121
1298
403
1298
3266
4413
1682
4413
4718
3672
4718
3672
375
1840
4861
633
4413
633
633
375
6392
2903
4684
1840
633
633
1047
1710
1047
1047
2903
1837
691
691
1989
1837
691
1680
4053
1920
1680
6392
1840
6392
3515
1682
4061
1218
4859
1682
280
1218
1487
1218
280
280
801
1714
4154
174
174
303
303
174
517
174
174
3183
2293
2293
800
1119
84
84
1117
84
1320
477
312
4355
1119
1119
84
477
1382
1320
1382
1382
1814
1321
3317
868
868
868
3457
1360
1360
312
312
3883
2518
1814
3457
1360
2518
1836
4409
312
1814
443
1431
517
2125
2125
871
2266
4965
51
51
2298
519
1079
800
2266
519
262
519
51
262
1676
1031
1031
3317
3559
3573
2662
2662
5958
2662
943
2186
303
303
1329
303
1541
943
1329
3400
1713
2186
303
1437
3959
1541
1329
3400
3400
2183
1676
3074
3592
2412
7160
3573
7830
2183
2183
7232
5037
2412
5503
5958
5037
5305
2186
2221
3318
4082
4761
4082
4082
1031
7132
3030
424
3346
4761
717
1029
191
1998
424
2531
3346
3030
2146
191
717
191
191
1029
2470
2146
1676
3580
2184
1676
2658
1676
7830
2184
2184
7132
2531
7846
2531
2146
1431
1031
1031
1431
5115
717
2715
717
943
871
871
871
717
973
3704
3704
4668
181
897
2352
1482
6489
1306
3289
3289
1306
708
56
180
4666
56
4936
790
419
419
3632
419
56
790
1479
1479
419
1175
419
1482
4254
6687
4533
1899
242
6389
418
1482
418
418
138
1899
1899
418
138
3631
1173
3545
3631
320
183
183
183
320
320
914
320
3695
3937
3695
3353
2142
354
1002
535
320
5025
3353
535
3937
2142
1333
354
3888
2841
2841
535
2608
1333
914
2391
914
183
3676
1502
4668
1480
180
180
1480
1480
3340
3676
1306
1480
1306
2396
180
3340
2407
4549
1007
544
544
1499
544
656
2491
6671
1882
1645
544
1093
388
1645
2491
2491
2491
1093
388
3702
1093
1645
7126
3840
919
1007
1499
1002
919
168
5715
5660
3353
168
168
500
2219
4056
3704
3704
3704
2450
1896
2450
4932
5814
4254
138
4784
2450
138
1896
5814
3175
1927
2581
138
138
2391
183
183
4943
4549
183
3701
1882
656
2450
2450
5576
1882
3175
3451
2218
2218
479
476
1319
7313
7082
2218
6873
3193
479
1264
476
248
2217
476
1807
479
3903
2141
479
1264
699
803
699
699
2141
2141
2038
3451
3451
3451
1984
1984
740
1119
829
3936
477
829
439
3903
4312
829
439
477
439
477
477
4357
2865
2865
178
1134
1134
4042
7502
3614
2333
1458
178
2333
1134
311
4042
101
101
101
3387
3922
1458
2333
101
101
1493
101
5344
6495
2549
2696
2696
4055
1136
2333
1136
414
414
3387
414
4414
1136
2333
4505
414
1839
696
136
696
1873
2331
2331
2331
314
3457
314
4357
2638
4409
311
1466
314
3457
5079
1466
533
311
1466
311
887
1878
7552
1878
5160
2093
5160
2093
609
701
2865
1019
1878
1019
1019
609
2971
1165
2694
701
1019
1019
1136
2636
1165
1165
1165
698
2218
2218
248
698
248
803
2971
701
248
3194
803
2971
1699
5809
5809
740
2863
5332
314
740
4046
740
314
314
893
2638
5916
986
587
587
325
986
2567
986
986
880
2426
2426
1952
325
1602
1602
877
186
2953
1357
186
186
5529
186
1602
1357
2190
1357
186
552
186
1447
1447
1447
3948
928
2192
709
1901
1512
352
6461
2192
928
928
709
3410
352
1860
352
998
7723
7723
8328
2552
5757
3310
8328
7885
8328
8328
6287
4525
198
584
4493
198
6075
4339
3136
3136
4525
3136
198
4339
2290
3132
2290
2290
3136
2247
5223
8618
10173
9133
2292
2247
3802
3310
1932
3802
1546
3611
2292
1932
1546
1932
4595
3611
3611
2567
5782
7723
3933
3933
3933
880
587
584
584
3933
3933
7544
5787
880
3951
1952
2178
584
4523
1954
1954
1954
1904
1684
621
1610
1514
1901
556
1684
621
556
1684
1610
1036
3410
4752
556
1531
5782
8025
7730
4641
1951
726
1904
2318
587
587
1951
726
7220
1951
1904
1208
1514
8254
587
1036
5223
8025
4641
5223
2318
907
1546
4641
8711
1546
907
1546
907
1208
3668
2522
2522
112
109
337
3826
2522
5717
2522
2522
112
978
109
581
3826
109
581
112
1234
595
112
595
581
197
3584
1592
595
595
595
3668
3668
4992
1628
1257
913
3668
1497
3811
110
3531
913
110
1257
3693
1497
1234
5827
110
110
1034
1034
1681
332
440
1034
958
2557
5768
2557
2557
442
619
440
1996
61
61
1996
442
61
1033
442
367
1996
745
7737
3835
61
1033
367
337
3700
1681
1681
1681
4685
5717
4078
337
197
5788
3099
2666
619
2536
3099
197
2536
197
197
1034
2668
1073
1073
1073
4228
1034
3849
1233
745
3833
3833
1399
2017
3833
3833
745
3833
745
745
4276
2808
2808
3889
9273
3889
6212
6025
5454
2381
2701
319
5528
3813
3889
1094
2701
1703
542
1094
2381
319
1628
1703
1497
3981
1094
1094
542
3934
3934
3934
1971
3207
1971
2808
2808
5438
542
3207
1221
4078
3207
2808
1221
542
657
542
1492
4803
4276
4803
3166
1741
6053
9273
10305
4065
1741
7603
4157
1741
1741
6025
4157
3813
4806
3666
1703
2668
4201
1042
1042
1042
2757
2668
6900
1042
3849
6900
2757
2757
1743
1971
1971
2393
6900
2048
1743
1740
1740
2669
2425
4276
1740
2669
4947
2669
2425
6119
6119
7886
1743
208
208
361
208
610
208
208
3649
2640
2640
2547
2651
203
203
1702
203
3649
1599
373
4682
2651
2651
203
1599
1106
3919
1106
1106
2700
2259
3650
1021
1021
1021
2259
3952
373
373
4415
4064
2260
2672
2672
5849
373
3648
4013
2614
2614
349
353
2160
1001
5104
7452
2614
3785
1538
576
2160
5705
353
205
2527
1538
64
2515
576
576
2527
2454
205
2527
205
205
966
610
1661
610
2645
2645
1024
2614
5868
64
64
2645
612
3786
2547
2614
612
966
612
64
966
4013
4013
1530
3765
1530
551
4013
2420
3408
574
2420
551
574
551
2420
926
5705
5516
574
574
3023
3023
3767
4088
5433
4088
4088
7169
3492
7169
3600
4106
4106
1410
1410
7013
3600
1410
5923
3047
2257
5358
2257
5240
1410
509
3650
4051
4576
5869
3492
361
361
3650
361
4087
3492
361
1840
3515
3490
3490
5433
12231
7535
5207
3490
3484
4091
3490
7601
3484
7535
7535
3692
3484
5790
5767
4091
2795
1661
3023
3767
3767
3767
1563
1661
5797
1024
3020
2493
2493
1987
1563
1024
1024
1024
2493
3750
2493
3023
3023
7901
3641
3411
926
3484
3122
7901
3484
926
7370
926
926
2836
1795
1795
527
2836
2836
6256
2836
3191
4495
3979
1614
3612
2651
989
2982
989
989
989
2982
5369
4679
2329
989
989
1599
997
1599
1599
2329
1598
3918
1598
959
2322
2550
6256
1795
1792
1598
3237
1601
2476
2476
4495
1601
4495
1601
1792
4661
951
951
1553
2015
4160
951
3818
3381
6487
3381
565
3153
2015
1686
3865
950
950
334
3865
6762
4507
3153
950
334
2984
950
2984
2984
4757
951
2131
979
979
979
1877
951
4545
4725
951
6513
1877
1910
1910
6487
2960
4757
2960
4108
6497
2343
1833
1833
2380
2380
1474
6377
2702
1833
1701
2702
2380
6976
3797
121
2910
2702
372
121
1701
3269
4138
1738
3269
121
121
1474
2700
2700
375
2260
1833
2373
1474
372
1710
2260
1710
372
372
2893
2893
1553
1553
1553
181
2893
316
4160
316
316
181
1686
565
316
316
2702
901
1686
4099
4497
4497
2343
4314
4314
2130
2130
1178
540
4497
7867
5938
906
2997
1178
906
906
2997
540
1478
1903
1478
1478
906
2369
906
2343
5371
804
5936
2343
375
1627
804
804
375
375
1054
2373
5443
2131
959
959
1795
2475
959
2341
4494
2550
1795
6535
2478
4545
1903
1201
722
722
274
1310
1310
3264
1310
274
4621
1942
274
4279
356
356
6415
271
918
274
6415
4894
4279
4279
356
467
271
125
271
779
6216
272
272
3264
2346
1124
400
272
232
2918
272
1124
232
6216
1124
559
232
559
1536
2918
6216
3798
2464
2464
1179
3000
1915
5458
2265
5458
857
857
2806
79
243
5864
79
857
511
1774
1774
857
1774
79
511
1912
1912
1774
4185
1774
1915
8120
3714
319
319
5602
3683
1915
319
319
4537
910
3683
3984
6205
3984
3519
425
246
246
246
1196
3040
1196
1196
246
3542
3901
1936
3542
3798
1913
243
243
1913
1913
710
4578
4578
3260
1913
1913
2265
3045
243
511
3260
425
425
425
4597
3542
3801
464
1290
710
425
4166
3420
3542
5117
464
3420
4877
4166
710
3260
4832
4832
6898
3040
6595
4605
7403
5448
6898
5448
1758
246
719
7826
246
5448
1758
2464
3099
5451
246
2783
4093
2783
3099
4093
4605
2405
6898
8533
6898
7686
1500
2464
657
1500
8234
657
657
1492
1642
6624
1642
4832
2406
7273
3079
2406
659
722
722
1642
274
3079
1958
2812
1097
6670
659
274
1958
274
784
1097
1097
1097
602
7273
5470
2405
602
602
1221
2812
659
1221
4423
1221
2812
6220
1201
1295
1201
2089
2872
3969
1295
945
1290
232
5397
3139
232
4944
1933
3139
3801
3801
232
676
3056
8102
2406
2089
719
719
2406
4241
4241
2089
3139
7382
719
3139
450
263
263
263
450
450
1259
450
3466
3742
2314
2314
3742
415
1163
752
415
2314
1446
752
6459
2314
3742
415
1446
1115
1115
752
8023
5525
1259
2386
1259
263
2762
534
2770
895
260
260
895
534
3742
4773
289
645
289
289
260
1463
1263
762
762
430
1263
3190
1263
1263
1166
3075
3075
1622
430
2030
2030
1163
249
5815
994
249
249
4071
249
2030
994
5345
4341
249
727
249
1885
1885
1885
2588
1210
2370
1917
4569
1946
457
2370
1485
1210
1210
1917
1485
457
6195
457
1275
3744
3744
5527
2386
3744
4797
9546
5116
9546
3803
2198
1471
263
759
2386
263
3803
1369
2350
2350
3803
1471
263
1369
1076
1076
2350
2944
1520
1459
3616
1459
1563
1563
5527
5527
4797
1459
1563
5407
3844
5527
4530
2424
4530
4530
3190
6864
1166
591
1166
591
3744
4795
759
759
2580
349
1622
3971
2198
349
2198
2198
759
2467
1666
1666
2036
1948
2036
1323
1666
4981
4569
732
2128
802
5440
7732
2128
802
732
2128
732
1485
6864
762
591
9232
5930
7731
591
1948
591
1323
2976
4981
4057
1664
7734
1664
1664
3616
3616
1987
2647
5826
1189
1189
1987
1189
4057
4057
276
276
471
276
791
276
276
4552
3291
3291
3173
3301
268
268
2145
268
3501
2027
483
5878
3301
3301
268
2027
2067
4781
2067
2067
3345
2913
4553
1308
1308
1308
2364
2913
4811
483
483
5427
2364
4952
2914
3321
3659
3321
6972
483
4551
3549
2284
2284
458
6278
1278
9152
8792
3265
4694
1975
751
3499
3623
458
273
3156
1975
87
3149
751
751
3156
3105
273
3156
273
273
1246
791
2105
3265
3498
3265
791
3295
87
87
3295
1246
793
3295
4695
3173
87
1246
4902
4902
1965
4671
1965
4902
3070
6669
749
3070
749
726
3070
3623
6650
749
749
2374
2374
3674
4553
4940
4975
6061
3674
4412
4412
4412
471
471
4553
471
4974
1847
4412
2399
4412
471
2364
2364
4432
4432
5446
4975
5301
4975
11728
11681
4519
4990
4990
1847
1847
11723
4519
7039
6872
2911
6514
2911
6402
1847
685
2105
8547
3674
4673
3674
6133
2284
2105
1311
3141
3706
1403
1311
1311
2374
2374
2768
4403
2466
2374
7259
4978
2374
2466
6090
2466
8857
8857
8857
4978
6870
8547
4544
4403
5609
2284
1208
4403
1208
5609
2371
1208
2430
2430
3751
172
2430
5464
2430
2430
421
3347
421
421
3347
1991
1991
5040
112
421
244
2545
3347
1183
3347
112
244
112
343
1592
3905
5018
3029
1907
5312
5011
2144
282
4712
482
2545
162
162
162
7309
2144
162
162
2181
162
2545
8584
578
578
970
704
1585
1585
3893
1585
2990
2388
2388
2029
2388
194
573
3235
194
5364
2029
6944
2388
2029
1587
194
2320
2477
2477
3235
1587
1587
3893
4873
3488
970
2528
2041
3301
1266
6944
1266
1266
1266
2528
2528
1266
1266
2027
1274
2027
2027
2390
2992
578
2526
2526
3528
1416
715
1416
5536
1188
978
978
1188
715
978
1416
1416
1416
1188
1188
1911
3018
978
1911
2269
578
578
2990
573
3128
573
2990
3528
3130
573
2387
2387
2589
2589
1907
3345
3345
485
2914
485
3751
3022
1907
482
2153
485
2914
5309
2153
814
482
1524
482
1334
2992
970
970
7055
2992
485
2054
2842
2054
485
485
1341
3022
3564
761
451
451
451
1422
3543
1422
1422
451
3431
3431
2578
496
2271
2271
448
290
3169
1745
290
290
6843
290
2271
1745
2772
1745
290
832
290
761
761
761
5279
1374
2774
800
2123
1254
519
6582
2774
1374
1374
800
4229
519
2498
519
1434
7033
7033
9428
3532
4142
6860
9428
10057
9428
9428
3220
6923
5698
2849
300
300
2849
2057
859
7651
4937
4850
1211
2057
1211
1211
300
2845
4850
3543
7433
9692
5273
5273
3064
451
862
859
451
5273
3064
4850
7438
451
4634
2578
2760
859
5720
1162
2965
10240
10905
8611
1213
4142
1162
1162
2057
4657
4657
1213
1213
2057
2561
2057
2561
5771
1959
2965
9236
7033
4343
4834
991
1264
1264
2965
479
4834
991
1959
9275
479
1618
479
1324
1959
1959
2038
2127
2038
2535
2345
894
2127
1818
2123
439
2345
894
439
2345
2279
1467
4229
5851
439
1229
4813
9698
2577
2535
862
862
2577
6643
2577
2535
2199
10004
862
1467
2126
2126
3319
169
504
4977
3503
4373
2157
3503
172
1414
169
856
5178
169
856
172
1109
870
172
870
856
299
2020
2261
870
870
870
2126
2126
4950
2297
1646
2126
814
5164
170
1921
170
1646
2157
1109
5033
170
170
1465
1465
2342
395
393
1394
1108
3537
3537
6435
3537
892
395
96
96
393
96
1464
532
1803
1803
395
395
96
532
6907
1464
1803
4331
669
1108
3628
1465
3370
5185
5059
1503
1503
1108
669
5185
5059
669
5185
697
5495
697
1874
669
669
504
2164
2164
2342
2342
5834
7112
3319
504
299
6345
3986
3626
892
3517
3986
299
3517
299
299
2794
5235
8721
7083
5166
2297
5235
5235
2794
7750
814
814
7613
3659
282
814
3342
1334
3753
1334
5274
5274
5274
2592
4047
1088
3319
3753
282
5378
3753
2162
4047
817
282
282
809
2162
930
817
4575
4575
2801
2810
2399
4350
6179
2124
2124
8745
4941
2124
5166
7613
3628
3370
2592
2794
1473
8187
1473
5198
2592
1347
1473
1473
8187
3708
3708
5044
2637
3708
2401
2401
2398
2810
2810
2398
2794
2398
3629
7682
4439
3629
6014
3629
9770
2401
310
310
527
310
884
310
310
2103
3222
2103
2103
2860
305
305
2363
305
2103
1950
538
2934
2860
2860
305
1950
1176
3162
1176
1176
2934
1175
2104
1454
1454
1454
1175
4542
538
538
4542
4349
1178
3632
2102
7492
538
2102
2954
1872
1872
516
520
2744
1436
6147
4639
1872
3142
1240
851
1870
4485
520
307
3142
1240
99
3496
851
851
1870
2001
307
3508
307
307
1402
884
2325
884
3610
3610
1456
1872
4487
99
99
3610
886
3143
3527
1872
886
1402
886
99
1402
2954
2954
1228
3113
1228
831
2954
3426
4227
849
3426
831
849
831
3426
1372
4766
7268
849
849
3312
3116
3116
4938
4938
3312
5386
1877
8408
8408
2042
708
708
3151
708
4874
5402
8284
3945
2042
708
1173
242
1173
2988
3198
1875
1875
1875
1864
2156
1864
3312
9431
5388
1875
4939
1864
4480
7014
4820
2941
4820
4820
5388
3740
2104
4852
4489
4489
1877
527
527
2104
527
4871
1877
527
1903
1903
2325
3925
3116
3116
3116
1793
2325
4487
1456
2068
3475
3475
1793
1793
1456
1456
1456
3475
4431
2833
3925
2095
1864
3925
4230
1372
1864
1372
4473
9431
2833
9782
1372
1372
1293
1387
3812
1333
5449
5009
4905
2347
2347
4905
501
1293
3812
2082
2082
1387
2224
159
3660
3267
3337
1331
5395
481
2082
159
159
3267
2111
159
473
2224
1331
840
481
3224
2446
2446
5699
1293
5699
4895
2716
5566
2716
4891
478
5699
478
478
9060
3902
478
794
794
2608
2142
1386
1387
4886
5170
1386
3894
1386
807
5214
3894
7937
6267
3894
3337
5706
5856
4002
4002
1387
2717
1415
1415
1415
4321
1387
1387
2541
5733
6818
2541
5404
5856
7942
7937
3872
2717
5259
1395
1268
1395
2446
1291
3458
1291
1291
3214
1291
7964
5733
3773
3224
2860
1425
1425
1425
6168
3773
4033
3892
1425
1425
1425
2268
1433
4890
5307
2283
3892
3221
5828
2268
2268
2058
1277
1277
2267
1268
1268
4856
1900
1268
4074
3459
3459
4856
4890
2058
1900
5818
1333
1333
4102
790
3287
4929
181
2396
3827
4102
537
181
2472
181
181
2362
2362
790
3255
3658
540
1178
790
2472
537
1178
1326
2369
537
537
2369
1293
6302
540
3224
1293
540
2296
540
1484
1057
1057
1057
1326
3325
1612
987
987
369
1698
1698
4097
1698
369
3048
2570
369
2797
522
522
6776
366
490
369
6594
5966
5077
2797
490
490
366
185
366
1032
4260
367
367
3048
1297
1297
562
367
332
3835
367
1297
332
7215
1197
442
332
442
1237
3835
4260
586
346
346
1607
3939
1607
1607
346
1936
5244
2565
5155
2543
343
343
2543
2543
975
5758
4986
1183
2543
1183
3010
343
244
586
586
619
1679
619
586
5772
975
586
2783
5953
1936
1936
975
4548
4256
4256
4556
4556
1359
4556
7178
7170
7170
3448
3448
5078
809
8827
817
817
809
809
817
876
2309
4256
4256
3367
932
876
3757
1359
876
3757
932
1630
932
3757
1527
5638
7757
1630
1630
3939
4548
4548
3332
3332
2414
346
984
6532
346
3332
2414
3986
3339
346
2880
5390
3728
3986
4984
2309
4608
5915
1361
3972
1361
987
987
2309
369
3972
1361
1527
6498
369
2185
369
1037
1358
1527
1612
1683
1612
2675
3268
3268
1679
1683
332
332
1381
3268
6011
2091
332
4656
944
2562
4656
2091
1938
6181
1361
1938
984
984
1361
4382
3398
2675
2852
4508
984
2852
605
358
358
1648
1340
1648
1648
358
5128
3713
1943
467
355
125
467
1006
4279
125
125
355
605
605
576
1578
576
760
605
1846
1006
576
1260
760
1538
1538
1260
1260
7923
1260
1006
6979
5130
4625
4625
1340
4399
3352
9207
2782
8557
2782
1083
787
358
1012
1340
358
2782
650
1301
1301
5158
787
358
650
1506
650
1301
2817
1301
775
2065
775
2234
2234
6631
7277
3352
775
2234
3278
4433
4291
3356
3114
3278
3356
1652
1015
1015
1652
1652
4032
1652
3968
1581
3968
1830
1578
349
2619
349
349
2619
4869
5374
1430
349
3182
760
2619
2888
1430
4032
8155
4625
4660
1083
516
1581
866
1012
1012
1960
516
1083
1083
1581
866
2291
4396
1012
3450
2519
2519
2519
3322
1323
2547
4362
2572
612
1323
1620
2547
612
612
2329
2329
2329
4663
1969
1055
2625
2574
3323
997
2714
1055
997
1969
2625
1711
3322
6206
997
802
4812
9235
4812
2981
6042
8978
4397
1015
866
2327
2574
8530
2066
866
2066
866
1711
2065
2065
1793
3612
7472
1601
1601
1793
1601
2981
4431
371
371
626
371
1044
371
371
5739
4123
4123
2975
4133
363
363
2730
363
1886
1886
638
7018
4133
4133
363
1886
2656
4470
2656
2656
4172
3830
5740
3095
4262
3095
1696
1696
638
638
3304
2924
4377
1696
6019
3831
638
2924
1947
1205
1205
1044
2691
1667
1947
1883
4098
1883
1005
1044
4127
118
118
1883
118
1637
1046
1005
4127
2904
4016
118
1637
1637
613
4510
6172
6641
5843
1820
1884
2074
613
368
4005
1820
3126
1005
3208
2074
368
3208
368
368
1327
1327
2132
5740
4864
6007
5062
5062
2132
4995
4262
2485
626
626
4995
626
5058
4262
1315
626
2691
8498
4633
1205
701
2132
4662
2691
701
2854
701
2132
2171
1699
4510
5973
2586
4808
1325
3063
3063
4510
1003
3209
1003
991
3063
2074
6901
1003
1003
3083
3083
6051
6051
3828
7954
3083
11127
2485
2485
11273
5716
3828
7875
9516
5716
6771
8163
2485
953
8989
1327
5732
5624
5624
1205
4238
1205
1618
4238
5624
1205
1324
4238
1327
3716
3080
4236
1327
1327
7658
3080
3080
4236
10375
8161
9031
10375
3097
3359
3359
1798
1798
172
344
3435
4769
3097
3435
172
172
582
582
510
344
3525
2261
4174
4174
2877
4681
582
1596
582
2877
1824
1824
3097
2538
4309
637
217
3525
3097
217
2763
6068
217
217
3525
4376
6819
2729
2729
2538
2538
637
4172
4172
5137
637
3831
637
640
3094
3924
2737
2737
853
853
1406
3899
5949
3899
1406
1406
1862
1406
2630
980
8322
1655
3899
640
2643
1655
1600
3777
2643
980
640
1655
640
1729
3924
1968
1600
1344
853
2950
1918
715
1344
1414
7286
715
715
1600
715
1414
2542
2542
1600
3921
3218
3218
1869
1342
1869
1342
4133
4573
1655
1655
8225
3509
3509
1342
1655
2616
1663
2616
2616
2154
1919
2255
2255
2041
1342
296
848
1919
296
3215
1342
2618
296
2840
2840
4072
2256
853
853
1918
848
2839
848
2041
1918
848
1341
3564
5585
2513
3879
3879
3879
5053
6979
1536
400
3246
3781
5053
4794
3374
400
400
400
1536
1469
3374
2454
2508
551
2454
2513
551
551
3409
1517
5516
4429
7435
3781
3374
531
6283
7114
3946
3546
1423
531
6283
261
645
4354
2359
534
1423
261
261
261
2359
2359
2281
4331
5525
395
1112
395
499
6823
1608
5187
395
1685
499
532
499
1685
728
3946
1685
532
532
4344
1879
1112
2848
1112
3949
5525
2968
837
837
2968
4392
1038
3949
837
2415
837
2968
7515
5687
1808
1879
2848
1874
1808
386
5495
5989
5059
386
386
1087
4250
5784
6264
4420
4420
5234
6264
5234
6264
2847
4420
6275
1851
7157
2951
5234
234
6219
2070
2070
7606
1155
2090
234
2090
234
234
1155
233
680
4420
8733
4420
236
233
1141
4179
233
1141
236
1155
236
1141
406
6235
2915
1155
1155
2263
1412
1412
6398
6398
11724
1412
1412
3520
1412
6398
1111
5328
1408
1956
1408
1408
1956
2847
1408
7010
6668
5325
4898
3047
3520
7408
5573
509
5358
3047
3520
509
509
680
6282
2991
2991
2273
8733
5581
680
406
7342
2273
1174
4434
406
4434
406
406
5252
5252
6433
3220
4937
4654
4654
8595
1111
4937
5581
4654
1111
1111
2263
3685
3220
2263
1906
2263
1906
6366
3220
4333
1906
1906
9430
4609
4609
9430
3288
4609
3049
3049
3046
2306
2306
3046
6668
2306
4535
8959
3600
4535
5465
4535
7408
3049
417
417
704
1732
5242
417
1892
1892
2548
980
4272
2269
713
713
2269
713
980
980
2269
3522
5261
713
3522
417
1170
417
2630
2548
412
412
3011
412
2630
2548
412
1729
1968
4788
4788
5425
3618
3618
911
4788
5425
5418
5418
2887
899
3618
4394
3684
529
2520
2520
536
536
7406
536
529
2520
529
529
536
1475
536
911
3841
3841
5603
3982
7609
5183
911
911
4136
3982
4644
2357
2357
2357
5182
7407
3519
3519
910
5457
5457
2806
910
5183
910
913
3981
2806
3690
2806
5242
6519
704
704
704
6841
2320
5242
704
3608
3130
913
913
5264
1170
2983
1170
1730
1730
1730
2549
8832
136
136
1730
1172
4054
3588
4505
1172
1839
1172
136
1839
2983
2506
1894
5425
5753
1894
2320
1894
1894
2320
3586
2326
3586
3586
1596
3915
3523
3523
6047
513
2996
513
1596
344
2877
510
4563
5086
2276
2565
513
510
510
1411
2276
1125
861
1062
1824
6954
6382
6538
5522
1062
1824
1062
1070
5743
5743
8409
4892
1070
6123
1070
5743
1747
4892
3260
3260
513
5314
6338
513
4159
513
1420
4159
5736
4159
5086
5736
511
4326
4986
1413
344
511
244
3944
3045
977
344
712
244
244
1413
3921
4273
977
1413
712
3018
4273
977
712
712
786
468
468
468
960
2096
3578
3578
4922
1299
1299
1687
1299
896
623
960
2240
3578
7589
1302
2011
1299
2348
896
2011
1687
2348
623
1569
1569
2604
1470
1151
2604
2604
1302
2011
5992
1039
692
692
1151
2240
3895
2987
3895
4758
5857
7149
1569
2738
1302
1151
2985
3199
3199
7499
1569
1151
2985
1151
2154
3152
2096
3197
454
793
3152
3173
1396
793
793
2349
2047
3806
3173
1396
3764
1396
2987
2987
2618
4073
3276
1274
1274
2256
1274
7366
2256
2096
786
3270
2568
623
1533
2008
2008
2096
454
2568
1533
623
623
454
1611
454
1269
2349
5401
786
2092
786
3576
3486
3569
751
1294
751
3771
1294
5316
3771
3569
751
1975
1975
1294
5316
3953
2092
4105
2092
468
3576
1107
2323
1794
465
465
1794
1107
3576
3569
649
1200
649
649
465
2829
960
1688
3605
883
1477
1439
960
2825
960
960
1477
3642
5357
1477
1439
2887
2887
5327
2887
5337
5327
2305
2305
1587
1587
2029
5682
3860
1587
2029
2738
2326
3236
2738
1688
468
468
883
2503
468
1940
5399
1940
883
3575
3575
3642
1470
481
481
481
5005
5005
2227
473
3373
473
5861
819
2693
5013
2227
473
3306
4100
2693
2693
2685
2222
3636
4018
6012
4018
2429
2139
501
819
819
5534
2243
929
3471
2139
2243
2227
2227
819
2428
3636
5216
6827
3134
6012
7329
501
5706
501
3620
6759
6759
6770
6759
501
3888
3620
3888
3888
6759
972
3134
3134
972
972
4002
972
3556
9528
1236
2539
976
10316
976
976
7977
7977
976
976
1594
342
3872
3999
342
4323
342
4040
3999
3999
2539
2539
5741
7981
7981
1138
2908
6070
4960
5396
628
1138
2908
2908
3652
403
403
4138
628
1843
1072
3652
636
4197
403
1138
1138
4876
1851
4483
1138
3433
1133
1072
1375
4329
1072
1072
1133
2685
2685
2685
2099
2099
2099
4100
3645
2099
3267
1843
2099
2107
1556
3267
4426
3267
3645
4426
1556
1074
1074
1742
389
1074
2756
1074
1074
3587
2028
4787
1354
2028
3463
821
1843
821
821
821
3707
1504
2617
1258
821
821
2481
2172
1504
1504
1258
4330
5338
4204
757
2028
642
1851
2749
4424
1071
1071
380
2028
4783
1071
380
2811
833
2811
2811
3880
3167
2312
4020
7176
1742
3372
487
1391
553
553
4443
285
285
285
4181
3470
3372
1391
285
285
3406
285
4181
5140
2231
2312
1742
757
3240
5192
236
757
5054
642
236
236
686
2915
2231
2428
2756
3380
2428
4114
818
818
3380
1444
818
2429
2165
4017
4017
861
861
892
2340
892
861
6344
1411
861
3339
7558
2565
2565
1411
447
1251
447
3168
3168
1255
5522
5522
1747
447
3168
1255
4930
6828
4191
1378
2299
1378
2299
2299
2566
2344
5780
2566
3635
1423
3635
3076
2767
677
677
6796
677
3782
2677
1749
1749
5707
1749
677
2677
4760
3782
1749
4218
1749
1251
1423
534
1251
4892
534
534
5300
1468
1255
1255
1255
5300
7943
2281
2340
499
2281
2344
499
499
2880
1380
4101
4101
4390
2880
2880
879
524
524
2313
1728
2313
2313
524
2797
2180
2188
622
521
185
622
1440
2797
185
185
521
879
879
851
2248
851
1013
879
2484
1440
851
1649
1013
1240
1240
1649
1649
8514
1649
1440
6616
2799
1728
2799
524
1445
524
923
2799
4178
8518
3727
1728
524
2884
923
823
823
4263
8518
2884
1513
1689
1689
2884
1689
2796
1040
1040
1090
1028
2654
1028
1145
1145
4263
4263
4178
1028
1145
4111
2927
4263
4182
1768
4111
4182
2317
1448
1448
5898
1277
6192
1448
3550
430
430
8480
4851
5819
6192
430
3550
4648
430
3891
4851
3219
1275
1275
2654
2654
2079
2058
4676
2058
2079
2444
2058
3219
3219
2799
3093
2251
1212
1212
1212
1445
3589
2799
1212
1212
729
1955
3078
1445
729
1513
1828
1513
1513
1277
1950
4152
4767
1433
1967
1967
1277
1277
4151
1433
1055
1967
3670
6193
2590
2590
2317
2317
2248
516
516
2317
3082
3589
516
516
4025
1013
3082
4653
3234
3589
3807
1950
1950
3527
3548
3500
886
886
1711
886
2289
1711
2573
1615
1615
1475
3651
2330
2573
2517
5394
2517
1475
5422
178
178
2517
178
2305
5422
3821
178
887
5709
7716
8034
7488
2088
2518
2663
887
533
3263
2088
2837
1439
3263
2663
533
4048
533
533
1715
1715
2718
6351
5941
7602
5004
5004
2718
5004
4644
3467
899
899
4806
899
6107
4644
1703
899
3651
9187
5090
1615
967
2718
4388
3651
967
3784
967
2718
2755
2360
5709
7573
3957
3957
3957
3561
4998
5709
1437
4049
2663
8188
1713
1437
1427
1437
1437
3973
3973
4976
7635
4976
8732
3973
12428
3467
3467
12496
7391
5180
8732
10788
7391
6276
9955
3467
1389
1715
5503
5503
1715
2186
1715
1715
5037
9224
9953
4384
1826
5505
1826
1826
8685
11066
9187
1615
1615
5087
4388
1615
2287
1712
4384
4384
4388
4260
3494
4744
4919
5225
4474
4260
1237
562
1759
3135
6103
5884
3051
562
562
562
1237
785
3051
2001
1779
831
2001
3135
831
831
4228
2202
4919
4919
4612
3135
4198
6560
333
948
333
1559
1559
568
5635
2978
5635
6588
4528
333
1559
336
6307
2923
5635
5635
5635
336
2659
1572
336
1572
1572
1773
1572
1572
2978
6560
4507
3867
2676
6560
3780
2978
334
6838
334
2676
4945
2659
4945
334
334
1181
6552
8748
3153
706
706
6552
7872
711
711
706
3780
1908
706
1193
2581
711
2581
711
711
3005
6349
3005
5016
3898
4058
4846
8904
4740
3005
1193
4740
5816
4846
1193
1193
5816
6556
6556
3150
3150
3150
4727
1908
242
2960
4554
3198
242
242
1908
1181
1181
2537
2537
2537
3360
2146
1181
1181
7160
8897
5781
5781
2158
4058
4058
4386
8749
4120
2158
3008
1247
1247
3397
4554
1247
4692
6885
2042
3360
3360
5726
4554
3947
948
3898
1192
948
6588
568
1192
4436
1192
568
568
568
4436
4436
4001
2682
4039
609
1046
4001
692
1300
2975
692
2636
1046
692
692
2975
2901
2975
2154
2154
3588
2943
4417
1172
1172
1663
1172
4469
1663
2682
1039
2601
2601
609
1988
4103
1866
1865
609
2902
1232
609
1658
896
1232
896
896
1300
3272
2678
2678
2678
2009
2009
1973
1269
620
620
2445
1271
2009
1973
1973
922
922
922
620
3768
2790
1039
1005
1005
1039
1271
1005
3123
2596
2596
1866
3101
3123
1271
3101
1258
1258
3174
1258
2400
1010
1010
687
915
2923
5462
4077
336
4440
687
1773
1010
915
545
2923
1142
336
1142
336
954
545
1556
3825
1556
1556
1502
1772
656
1551
909
4270
656
1502
2489
656
1551
3175
3175
3174
3174
2617
3281
1773
1501
2172
1501
5873
1772
1772
2969
1501
388
5226
4783
1850
833
5658
380
380
1850
1850
380
2809
380
2809
2809
3825
2107
2107
565
4763
565
5474
5429
565
901
901
2205
2205
2205
787
6158
4283
4283
784
650
4901
650
7675
4283
3715
3051
650
1757
4205
4205
6111
6220
9403
6566
6111
5650
10306
6111
659
1778
8720
659
6144
4115
4687
659
2048
2048
2007
3622
7909
7976
7976
2050
2007
3469
4115
2007
3469
2050
3296
2050
3469
3210
3465
7343
3296
3296
6230
7974
10339
5124
2202
787
1781
1778
787
2202
5650
787
4198
1778
3622
8304
4205
6721
7035
2097
2097
3622
815
7035
3210
9771
815
815
2155
3210
3210
7019
8304
4473
4433
1781
1781
4473
5124
4433
3863
1781
1560
955
955
3355
3355
3754
2488
1354
2488
2488
7126
1647
3754
388
3177
545
545
2969
388
388
387
1091
955
955
955
389
387
1775
1526
387
1775
389
604
389
1775
658
2403
4274
604
604
2235
1393
1393
733
2800
1970
3477
3477
5122
3477
1791
735
223
223
733
223
1528
1105
3100
3100
735
735
223
1105
3719
2830
3100
6709
1222
1970
2235
2556
585
1243
2831
5075
1970
1222
8512
1243
2563
7358
1222
3951
1222
1222
843
503
503
2230
3840
2230
2230
503
8003
7329
6727
2243
500
500
2243
1384
7119
2243
3353
500
843
843
1604
1604
1604
843
5651
1384
843
5651
5241
5241
5651
8003
4339
1384
6775
3840
1560
5655
487
1354
503
1390
3840
503
1444
1354
503
5377
1647
1560
3391
1560
1525
487
554
5197
5197
1393
1390
487
554
554
487
554
4486
5538
931
3468
3389
5538
1390
878
2235
585
585
2235
3468
585
5787
6287
4486
4486
3468
1091
3836
1525
1393
1091
658
1525
658
3752
1393
5551
1791
658
658
552
1521
1391
1391
1349
552
2431
2211
552
2431
878
2431
1357
878
1146
689
689
998
3745
2591
1857
1857
2788
1857
2443
1000
325
325
998
325
2212
1532
3987
3987
1000
1000
325
1532
2192
3769
3987
6797
1631
2591
1146
2989
860
675
2993
6120
2591
675
6902
675
1817
4459
1631
5282
1631
1631
2231
4211
2930
2930
689
3187
7288
1377
2231
2210
686
642
834
834
1848
4209
7154
642
834
642
834
686
449
1146
860
860
1146
1848
860
4634
7799
3187
3187
1848
1521
689
689
5188
1521
689
2210
5039
2443
2210
931
5138
931
931
4120
4836
4836
11980
10430
4120
7430
1623
9347
7391
7391
1623
1623
6346
2158
2158
6294
5186
4835
2158
4122
6638
2158
4835
4089
4835
11587
12404
12015
4089
7774
3740
3740
5186
2042
3947
2042
2941
4122
2042
2155
4122
954
915
389
2486
5485
954
389
389
1142
1095
4029
4274
3847
3847
957
1142
2919
957
957
1564
2486
6698
424
4029
2486
424
4615
424
424
4029
1564
7683
1564
1564
3953
3953
8027
3953
2931
2324
2995
1270
2324
735
1972
7693
735
2995
1086
3478
3478
2995
2201
735
1086
1105
1086
1105
1105
2201
1104
3569
2324
1104
7373
466
1200
2324
1107
466
466
466
3514
3514
5123
5123
1533
3148
2674
1972
1533
1533
1762
1533
3444
2674
2673
2673
621
1972
1902
3105
2316
726
3105
3148
726
726
3951
5971
1036
1036
1926
1926
943
3120
3566
3120
943
943
8189
1934
5315
2300
3733
2300
2300
5672
3053
2300
1435
1435
1434
5131
496
496
496
1098
1434
2495
496
2774
2495
1098
2815
1098
5315
5315
6577
2495
1435
1780
2206
2206
2206
3436
1377
2919
687
957
957
1377
4288
1377
1095
1095
2807
957
1985
832
832
3436
687
1096
449
3436
1745
687
449
449
3325
1484
1484
1054
801
801
1614
2283
1614
1054
1204
1204
801
2283
2637
1088
932
5411
5836
9378
932
6397
932
2434
9335
6397
4881
7676
6397
7757
9346
7676
5481
5481
1845
1845
1845
4437
1849
1849
4128
2639
4881
1845
1849
1849
2600
1849
9833
2639
9787
9833
2600
2072
685
5446
6486
685
2401
685
6514
6486
6486
4437
2639
8750
2639
5918
3910
3910
6072
5368
4525
8599
3910
1236
4339
7462
4525
1236
1236
6774
1594
2731
5368
1594
3518
1594
1594
8402
5368
4735
3518
3518
10400
4596
4596
10317
5415
4186
2742
2742
3913
1638
1638
4217
5741
1638
5841
8174
2631
4186
4186
7396
5741
5278
1470
3638
1470
2602
2504
2594
1439
1660
1439
2834
1660
3988
2834
2594
1439
3571
2088
1660
3988
3055
3272
1658
1368
3638
893
893
1988
1368
1368
2602
2602
2594
893
2816
1090
1090
5547
4267
2970
1037
1090
923
2185
1040
5972
2970
923
923
2185
6357
5061
7767
2434
2434
9831
9584
1040
1040
5059
5475
2791
1087
2437
1087
1040
8290
6717
5648
2683
2927
10045
8092
1768
1768
5686
2927
2791
2791
1768
2072
2683
1068
2072
5481
1068
1068
8303
2739
4050
4050
4050
6414
6414
2742
5919
8031
4519
2961
2742
2742
8556
6621
2742
11235
2961
5417
8750
2917
5918
5918
5127
2631
2631
5278
5127
2631
2739
3858
5417
2917
2917
5415
4735
2292
4595
5919
2292
2292
8481
4519
4519
8481
5284
2790
8798
4688
3848
1270
3900
1659
1000
2593
5102
1000
3900
1516
1858
1858
3900
1000
1516
1532
1516
1532
1532
1531
1973
1270
1531
4477
621
1611
1270
621
621
1902
2790
3997
1820
1820
1820
2790
2593
1232
1232
3324
3633
894
1232
2418
1232
2593
2533
3992
1262
991
3992
3997
991
991
3064
6901
1467
1467
2083
3282
6930
8738
5066
5066
9422
5957
1518
1378
5066
3385
5101
4435
6828
3385
1378
10657
1378
2023
953
2483
953
5652
5652
2487
1355
3606
3330
953
3606
2487
6610
10318
3606
3606
6247
6187
6247
6247
2483
2483
2487
3382
3282
2483
2487
3574
2487
6551
6443
6551
3574
2661
783
2087
783
2460
4900
3053
5323
783
1427
5323
4900
1427
1651
5320
1435
2201
3568
4463
5243
2818
5243
1230
1230
1435
1230
2496
3055
3055
1659
1230
6145
2496
3055
6622
2087
2818
1107
2087
3568
1107
1107
3735
2088
2088
3735
1780
1780
1780
3439
2443
2807
1791
1780
4462
2436
2443
2807
3752
1791
2201
2201
6533
4311
4308
1086
1516
1086
1516
4715
1086
676
1421
676
993
2883
1128
4218
7463
3420
676
2883
679
3969
3969
5707
679
2896
679
2896
2896
3881
3881
4777
7181
6110
1471
7043
2767
2767
4777
1369
1369
1520
1520
1369
1468
1520
2023
4435
1517
3374
2023
1471
1517
8777
3736
1471
1471
3440
9723
6549
1469
5280
2032
993
3558
993
2032
3419
2032
993
1128
1128
3419
5610
2091
2091
2677
2091
4338
1383
1383
1238
1383
3637
947
2677
679
947
947
3076
1383
1804
1113
947
947
679
1997
679
1827
1113
4906
2414
985
4906
3076
985
3398
985
985
4508
2850
5817
2850
728
3815
5297
3137
1758
3815
720
720
3137
1429
720
4655
720
4655
4655
3254
5716
11086
10207
10318
3254
6544
3254
6187
6544
3694
3290
6187
6183
3834
3694
3694
5716
1213
1213
5716
5771
1213
8977
3288
8952
6925
3288
3591
3949
1038
3591
2413
3591
728
2583
728
4389
2413
1113
1113
728
727
727
2469
1828
1446
727
2469
2582
2469
1828
1164
729
1164
1164
6549
7036
7340
3643
3844
7036
9915
2424
2424
7370
2946
3736
3736
2424
2661
3643
1498
2661
3385
1498
1498
10044
3691
5363
5363
5363
7887
7887
2467
994
3452
3452
3452
2467
1579
760
992
1579
2888
760
760
1579
994
994
6666
1804
1827
729
729
1430
1830
729
1997
1957
1430
1430
1485
2626
1055
1485
1966
802
1055
2037
6206
802
802
1757
4239
1757
2621
2621
1238
1238
1958
785
2621
3051
1238
785
785
3450
3450
1013
1830
2249
1013
1428
1013
1830
1957
1957
2795
3600
3600
3049
2795
2795
3691
5207
3290
3290
3834
1229
1229
894
2594
5690
894
2280
894
1659
1659
2533
1389
1743
2050
1389
4157
1389
2050
7774
7343
8019
7774
