0
429
267
27
95
0
0
128
6
1515
550
1461
72
0
1388
323
2
50
294
890
8
502
294
2
58
106
70
58
58
13
652
652
472
502
663
13
502
765
1305
808
29
654
26
1089
26
881
1207
29
903
2
1089
1217
55
55
55
21
144
222
93
555
937
329
903
188
2
188
6
397
864
312
292
292
165
29
394
95
394
267
1081
229
8
63
1755
323
63
17
17
8
505
847
34
505
229
226
1787
1705
971
199
1051
8
33
1568
1102
327
327
1346
971
2160
72
1225
1114
670
51
836
45
97
508
51
171
45
27
1800
148
97
969
1583
298
969
969
667
3935
4091
5222
2242
2671
229
2680
6211
983
670
2705
2705
772
2525
97
297
3223
2059
248
1305
160
1481
799
248
1769
142
142
2179
142
2427
1575
2366
551
555
106
488
2170
963
789
329
574
470
329
470
1766
1307
4305
2081
3069
1307
488
1352
429
838
258
838
808
1382
27
27
1426
431
1880
699
838
431
160
476
1529
847
2366
1530
106
2244
1530
2440
1575
1605
3366
1767
1605
2795
847
2440
2558
1583
3871
3938
2143
2561
431
1162
3870
1767
1583
1307
1767
1
725
428
12
590
1
9
269
37
428
155
12
362
9
132
132
4
86
12
24
10
777
462
4
40
74
14
1
131
1
684
494
235
1121
830
69
134
134
797
475
32
37
1519
4
1351
1351
202
452
1617
24
24
324
94
167
105
94
74
19
925
661
492
235
934
19
235
827
124
742
742
256
475
147
4
147
1537
941
20
590
401
39
230
401
20
1061
678
10
10
10
399
330
28
40
14
558
98
28
1149
494
14
362
98
1511
399
42
1149
42
241
78
39
130
2963
2648
348
725
592
215
2514
965
348
401
592
215
631
200
797
797
1052
2425
2022
2022
200
200
238
410
54
238
238
231
2439
1963
1253
301
1482
14
53
1366
693
498
498
695
1407
1156
74
695
1405
2253
138
1419
938
941
3662
2964
3662
42
4254
702
137
3034
2855
2253
2728
3062
5218
4631
592
1577
1405
1153
2964
3151
1153
3631
330
3086
2120
1318
831
835
167
643
2754
1399
1042
256
849
625
256
625
2120
1695
5559
2669
3188
1695
643
1740
1867
410
1318
1228
167
1156
1156
1875
2245
2274
3311
2423
2274
3740
410
1982
4492
2423
1695
2253
2423
3996
2653
453
294
2315
283
1339
3074
453
550
2308
265
265
265
1974
1223
125
765
88
1763
463
125
844
70
70
1348
70
1392
841
767
2336
1245
1763
767
283
812
182
103
77
182
309
182
1844
2353
1844
309
2177
144
2061
2892
546
222
734
472
1945
321
21
135
3061
188
135
41
41
21
546
436
908
2611
408
1915
21
76
2385
3687
101
525
100
824
3396
1836
1329
29
1134
806
672
806
890
2138
2653
2138
5167
3318
824
2183
541
103
888
888
2353
911
100
1493
1761
224
1008
356
88
917
271
224
1842
2906
319
1505
318
321
2383
5250
2383
318
3519
436
3714
2405
1856
1223
4565
4115
1312
4423
224
602
1488
2229
2928
3467
2229
2229
103
2382
2385
2228
2138
842
2906
1389
3072
3072
3996
842
6386
767
842
3
865
528
16
3
60
3
15
146
1085
1030
385
7
3
104
617
83
952
192
221
7
192
335
5
38
71
71
38
30
38
660
647
673
30
1080
335
335
739
441
60
441
528
828
257
5
43
1367
221
43
11
11
5
338
572
23
338
257
254
1981
1317
705
141
798
5
22
1150
961
225
225
962
705
1573
83
962
990
589
18
15
364
57
589
210
18
190
190
117
18
35
1050
630
52
57
1811
7
1739
1739
304
607
1811
35
35
495
127
390
666
228
630
129
7
129
1239
746
31
561
59
62
341
31
111
59
16
1567
189
62
703
1168
196
703
703
718
3035
3258
3875
1571
2085
257
2094
5520
718
746
2119
2119
968
1891
62
195
865
563
331
563
1491
946
16
16
3874
3613
515
990
867
317
3495
1401
515
563
867
317
904
302
1050
1050
1483
2101
1777
1771
302
302
1160
1706
386
1099
71
572
1706
697
1103
71
413
1573
1103
1788
1160
1194
4143
3429
1194
4618
572
1788
1929
1168
3682
1932
2959
3039
746
1932
390
916
1876
1473
228
898
228
898
2706
2356
4030
2356
4496
3629
916
1771
2958
2356
3429
1168
2961
1338
2148
47
264
46
462
3230
1250
1132
12
1552
681
459
681
5322
3615
405
134
378
1261
1727
608
2013
360
360
830
360
1249
462
2723
3615
2723
2895
3320
1077
1249
91
49
49
91
91
152
1328
2482
1304
202
3407
152
2650
2100
281
49
1304
483
460
460
46
810
2595
1632
185
1018
119
1137
618
185
407
105
105
688
105
688
404
1020
1286
1286
2419
1020
378
407
286
164
61
286
480
32
570
2545
61
480
3029
32
109
32
324
999
627
2571
193
3955
147
193
2480
3823
162
805
161
1140
3845
3003
1847
49
1907
1140
1335
1140
1338
1139
1139
405
3823
685
3192
2911
822
164
1336
1336
597
1359
161
2181
2193
326
1442
522
119
489
366
326
2176
1632
1700
4881
3244
3244
164
876
3395
405
1020
4428
405
526
882
567
526
385
543
2149
2606
2064
385
1640
192
1650
3147
956
569
261
956
166
1555
891
289
2301
166
166
1451
179
3570
543
569
1675
1675
3425
1453
566
1453
874
811
75
247
874
11
811
270
411
1284
461
11
270
306
1267
764
25
22
474
80
764
278
25
255
255
158
25
48
80
1438
1438
2182
788
2448
48
48
874
912
912
1906
1180
1180
461
461
2497
1565
44
1150
741
82
437
741
44
1925
1231
23
23
23
739
85
962
85
446
150
82
253
4749
4532
691
1267
1152
422
2332
1838
691
741
1152
422
1186
409
1337
1337
1916
2306
3262
3262
409
409
2497
1815
313
1496
85
1248
260
2386
4693
1562
4585
3643
1496
5407
1152
1459
2303
882
4920
1498
882
2389
1198
2306
1495
3004
2304
569
1498
1726
2733
66
359
65
617
4067
1641
1550
18
2223
949
614
949
617
3679
2064
1756
3814
2780
1507
1640
122
68
68
122
122
207
1716
3464
1692
304
4226
207
2018
2686
376
68
1692
638
615
615
65
1063
381
219
96
381
635
52
845
3163
96
635
2020
52
169
52
495
755
295
5286
900
3547
129
295
3462
4865
217
1058
216
1558
4865
3908
2485
68
2538
1558
1723
1558
1726
1557
1557
567
5175
953
2780
2780
1075
219
1724
1724
872
1747
216
2763
2775
497
754
261
644
447
179
531
2758
2301
2016
4930
4081
3282
219
447
3147
567
1453
5643
567
445
750
108
347
445
17
1064
365
259
1673
616
17
365
149
1656
1017
36
33
629
113
1017
373
36
227
227
213
36
67
113
750
750
2764
1041
1992
67
67
445
484
484
2184
1593
1593
616
616
3110
1979
64
1568
665
115
598
665
64
2555
1106
34
34
34
663
116
1398
116
601
205
115
353
5848
4249
815
1656
1570
583
1282
1282
959
665
775
583
1282
571
1725
1725
2546
1247
2010
2010
571
571
2789
1979
156
813
116
1639
156
1340
5842
2233
3233
2097
813
3278
1570
775
1244
453
4249
815
453
1343
1609
1247
812
3909
1245
844
815
81
143
143
81
73
81
1214
1053
1226
73
632
678
678
1281
1709
432
432
1835
1250
2897
155
1835
889
530
168
1863
530
600
1494
354
1004
28
204
514
28
600
889
889
639
2766
2262
2262
600
639
1914
1185
126
130
2613
20
1508
547
206
1023
919
78
78
357
250
730
1220
435
1185
252
20
252
1914
839
530
168
839
293
204
168
2006
1462
585
1961
143
1132
3014
1243
1965
143
749
1717
1965
3090
2006
2033
6567
6090
2033
6870
1132
2768
730
982
1462
585
435
982
435
982
4566
3512
3932
4173
1460
2731
293
293
2337
6157
2013
3512
2731
491
287
133
1455
111
1871
825
308
1597
111
523
189
31
2544
306
75
402
133
270
75
1182
402
2169
3376
90
469
89
580
4121
1694
974
25
1043
580
795
580
798
579
579
196
2532
342
1941
1588
163
92
92
163
163
275
2159
4179
2135
411
5109
275
2727
1721
486
92
2135
819
796
796
89
1350
4381
3906
198
577
287
577
3437
2167
198
287
2190
345
345
345
195
1994
3906
1236
744
744
981
198
491
816
1130
4443
816
3473
75
233
1345
284
1995
2516
553
3134
92
929
1995
929
1995
2169
6342
196
2530
196
1362
1523
1157
284
1523
1829
1129
466
1829
384
2879
1790
649
1653
384
384
632
392
2627
631
348
4035
634
965
1056
1126
634
340
575
194
2168
758
340
1576
194
4065
339
110
1626
339
4982
340
374
374
1741
3873
2755
2035
3647
4398
2889
87
1552
1283
154
773
1283
87
3181
2067
47
47
47
1281
157
1835
157
782
273
154
458
2100
575
575
2477
1283
1554
758
194
4398
1452
664
883
157
2084
465
1452
2512
2512
2679
967
1580
1580
1452
1580
964
1129
348
3882
967
2321
1450
56
53
902
173
1450
538
56
328
328
315
56
102
173
1004
1004
2841
1472
1799
102
102
1859
1147
99
2239
936
175
873
936
99
2994
1176
54
54
54
934
176
695
176
875
307
175
520
7491
5515
1068
2321
1147
858
1671
1671
1268
936
1028
858
1671
846
2384
2384
3526
1638
2603
2603
846
846
1859
1785
211
1066
176
2307
211
1728
4464
1144
4070
2683
1066
4111
1785
1028
1635
608
5515
1068
608
1731
2278
1638
1065
5251
1636
407
1068
114
201
201
114
107
114
1624
709
1101
107
826
946
946
1670
2368
593
593
2474
1641
1884
210
1784
350
995
1629
596
1597
352
31
352
1287
778
675
2584
201
1550
2073
675
2586
201
1003
2376
1122
3977
2599
1287
4882
6350
1756
6630
1550
3716
3245
778
1898
4454
860
2991
133
707
776
133
1898
1287
6350
1937
1898
1937
995
778
596
707
596
646
382
151
770
151
2024
1078
151
2266
171
262
148
51
3524
149
108
564
191
365
108
1595
564
2753
4200
121
624
120
855
5416
2355
1410
36
1474
855
1048
855
1051
854
854
298
3513
509
2569
2257
218
123
123
218
218
370
2743
4518
2720
259
2978
370
2015
2015
641
123
2720
1072
1049
1049
120
1738
3077
4652
236
852
382
852
1776
1776
300
151
1096
512
448
512
297
1801
668
668
5248
1111
1417
300
646
753
1548
2923
1069
1853
108
333
1733
379
1802
3497
833
2847
123
1375
1802
1375
1802
2753
298
4652
3511
298
1750
2208
1256
379
1853
2468
1547
454
2468
549
2998
2442
922
1904
549
549
905
556
1954
904
515
1401
1486
5354
907
1545
907
507
850
296
2752
1011
507
2246
296
4350
506
170
2295
506
4950
507
539
539
2399
5220
2124
2624
2101
4298
2823
118
2223
1672
209
1026
1672
118
4024
1919
66
66
66
1670
212
2474
212
1035
368
209
613
2110
850
850
2840
1672
2225
1011
296
4647
766
935
454
212
2049
620
766
3493
3493
2108
793
2250
1311
766
2047
1400
515
1547
3297
1311
245
140
140
245
245
416
2432
2432
3001
206
1526
416
547
3970
716
140
3001
1193
939
939
137
1927
721
426
223
721
606
126
1770
3554
223
1190
2403
126
387
126
1014
1014
655
3719
1053
5496
252
655
6180
7061
424
1922
423
2882
7061
6412
4058
140
4436
1621
1621
2646
1577
2881
8506
1623
2881
1127
2646
1623
1939
426
3032
3032
606
3053
423
3711
2627
1084
1296
466
1199
783
392
1104
4610
1653
3261
2287
3553
1427
426
783
3876
634
5917
1127
1127
4860
3228
136
1217
239
240
1161
136
414
239
77
2802
696
240
3594
2687
279
1353
2962
2171
240
279
781
1292
232
557
781
41
1928
559
464
2451
940
41
559
272
2712
1888
79
76
1184
237
1888
713
79
434
434
420
79
139
237
1292
1292
4616
1905
3241
139
139
781
820
820
3409
2916
2916
940
940
2712
1067
1158
640
2741
1067
77
77
3739
5139
2979
2894
377
1722
2115
217
1219
1315
1067
1722
377
3033
3033
3256
1518
2746
1070
377
1062
5755
3755
1353
4995
4958
3330
2710
1315
2080
789
789
2174
2932
6095
1735
1355
1352
2081
1769
6413
1355
153
266
266
153
145
153
2051
1917
2062
145
1187
1231
1231
2114
1590
768
768
1591
2086
2534
278
1591
3170
2025
249
253
3696
44
2856
1115
415
1893
1808
150
150
700
455
1272
2056
771
2025
457
44
457
3170
1764
1103
386
1764
653
413
386
3253
2828
3253
3273
974
9194
2631
2511
1588
4040
974
342
3872
2690
266
2511
2079
266
1291
2534
2534
2509
2502
5906
3858
2740
2502
3258
4588
1272
1855
2828
1145
771
1855
771
1855
5265
6432
2502
653
653
3125
1989
361
3125
724
4714
3092
1204
2647
724
724
1187
732
1666
1186
691
1657
1920
5933
1189
1986
1189
683
1135
3394
1298
683
2900
403
5328
682
234
2949
682
7150
683
714
714
3047
6388
4607
3275
3521
1682
2670
159
1721
1721
277
1313
2116
159
4913
3306
90
90
90
1043
280
1591
280
1322
478
277
794
3333
214
214
214
1135
121
1298
403
4413
633
4413
3672
375
1840
633
633
1047
1047
2903
1837
691
1680
6392
1840
1682
1218
280
1714
801
174
303
303
174
84
174
2293
800
1119
84
477
1382
1119
1814
1321
868
868
3457
1360
2518
312
1814
443
1431
2125
871
2266
519
51
262
1676
1031
3317
303
1329
2662
943
2186
303
1437
1329
1541
3400
2183
1676
2412
7160
5958
5037
2221
2186
4082
717
2531
3030
424
3346
191
717
1029
191
2146
1676
2184
7132
2531
2146
1431
1031
871
717
871
3704
4668
181
897
180
419
3289
1306
708
56
790
419
1175
419
1482
418
1899
242
418
138
3545
1173
320
183
183
320
320
535
3695
3353
2142
354
3888
535
2142
1333
914
183
3676
1502
1306
1480
180
2396
2407
544
1007
544
656
2491
1093
388
1645
1093
3840
919
1499
168
2219
500
3704
2450
1896
2450
5814
3175
138
138
2391
183
2450
1882
656
3451
2218
479
476
248
3903
3193
479
1264
699
803
2141
479
2038
3451
829
1984
740
829
439
477
439
4357
2865
178
1134
311
2333
1458
178
2333
101
101
5344
101
2549
2696
414
2333
1136
414
1839
696
136
2331
314
3457
314
1466
533
311
887
1878
1019
1878
2093
609
701
1019
1019
1165
1165
1165
698
2218
248
2971
701
5809
740
314
2638
740
986
587
325
986
880
186
2426
1952
325
1602
1357
186
552
186
1447
1447
928
2192
709
3410
352
928
7723
8328
2552
584
3136
8328
6287
4525
198
4339
2290
2290
3136
2247
3802
9133
2292
1932
1546
3611
2292
2567
587
3933
3933
880
3951
584
2178
1954
1514
1684
621
1610
1036
556
1531
5782
2318
1951
726
1904
1208
587
1036
5223
4641
1546
907
1208
3668
2522
112
109
337
1234
2522
112
978
581
197
595
112
595
3668
1497
1257
913
3693
1497
110
110
1034
1681
332
440
1034
61
2557
442
619
1996
745
61
442
367
337
1681
1681
4685
2536
3099
197
197
1034
1073
1073
4228
3833
3833
745
745
4276
2808
3889
3813
542
2381
2701
319
1628
1703
1094
1094
542
3934
1971
3207
1971
2808
1221
542
657
4803
3166
1741
6053
6025
4157
3666
1703
2668
1042
1042
2757
1971
6900
2048
1743
1740
2669
2425
7886
1743
208
361
208
203
208
2640
2547
2651
203
1599
1106
1106
2700
2259
1021
1021
2672
373
2260
4013
2614
349
353
2160
64
3785
1538
576
2527
2454
205
205
966
610
1661
2645
1024
2614
612
64
612
4013
2420
1530
551
2420
926
574
551
3023
3767
4088
4106
1410
7169
3600
2257
5358
1410
509
3650
361
3492
361
3515
3490
3484
7535
5207
3692
3484
4091
2795
1661
2493
3767
1563
1024
2493
1024
2493
3023
7901
3484
926
926
2836
1795
527
2836
989
2982
3979
1614
3612
989
989
1599
997
2329
1598
959
2322
2550
4495
1601
1792
1601
951
1553
2015
1686
951
3381
565
3153
950
334
2984
950
4757
951
979
979
1877
6487
2960
4108
1910
2343
1833
2380
2380
372
1701
2702
3269
4138
121
121
1474
375
2260
1710
372
2893
316
1553
181
316
316
1686
565
4497
4314
906
2130
1178
540
1478
1903
906
1478
906
2343
804
375
2373
804
2131
959
1795
4545
1903
1201
722
274
1310
274
3264
1942
274
4279
356
467
271
125
6216
272
232
1124
400
559
232
2918
1124
3798
2464
1179
243
1774
857
857
2806
79
511
1774
857
1774
1915
319
319
3683
3984
910
425
246
246
1196
246
710
3901
1936
3542
1913
1913
243
511
3260
425
425
3542
3801
464
3420
710
3260
4832
6898
3040
719
2464
5448
1758
246
2783
3099
2783
4605
1500
6898
657
1492
1642
722
1642
3079
2406
659
274
1958
1097
784
1097
602
5470
1221
2812
659
1201
945
2872
3969
1933
3139
232
676
3056
2406
2089
719
3139
450
263
263
450
450
752
2314
2314
3742
415
1446
752
1115
5525
1259
263
2762
534
289
645
260
289
1263
762
430
1263
1166
249
3075
1622
430
2030
994
249
727
249
1885
1885
1210
2370
1917
1485
457
1210
3744
5527
2386
759
2350
3803
2198
1471
263
1369
2350
1076
1520
1459
1563
1563
5527
4530
2424
3190
591
1166
591
2198
349
759
2198
1666
1666
2036
1323
2128
802
732
1485
6864
591
2976
4981
1664
1323
3616
1987
1189
4057
276
471
276
268
276
3291
3173
3301
268
2027
2067
2067
3345
2913
1308
1308
2364
3321
3659
483
2914
3549
2284
458
3623
87
4694
1975
751
3156
3105
273
273
1246
791
2105
3265
3295
87
793
4902
3070
1965
3070
749
726
2374
3674
4553
471
1847
4412
4412
471
4432
2364
5446
4975
4990
11681
4519
2911
6514
1847
685
2105
2284
3674
1403
1311
2374
2374
2466
8857
4978
2466
8547
4403
5609
1208
2430
3751
172
2430
421
2430
421
421
3347
112
244
1592
343
5018
3029
482
2144
282
162
162
2545
162
578
970
704
1585
573
2388
2388
2029
2388
194
2320
3235
1587
1587
3893
970
2528
2041
1266
1266
2027
1274
2390
1188
578
1416
715
1416
1188
1188
978
1416
2269
578
2990
573
2589
2387
1907
485
2914
485
2153
814
482
1334
2992
970
485
3022
1341
761
451
451
1422
451
290
3431
2578
496
2271
1745
290
832
290
761
761
1374
2774
800
4229
519
1374
7033
9428
3532
2849
859
9428
3220
6923
1211
2057
300
1211
4850
3543
862
5273
3064
451
4634
859
2760
1162
2965
8611
1213
2057
2561
1213
1959
2965
1264
4834
991
479
1618
1959
1324
2038
1818
2345
894
2279
1467
439
1229
4813
2577
2535
862
1467
2126
3319
169
504
1109
3503
172
1414
856
299
870
172
870
2126
814
1646
2157
170
170
1465
2342
395
393
96
1108
3537
892
395
96
532
1803
395
669
1108
1503
5185
5059
697
5495
669
669
504
2164
2342
5834
3517
3986
299
299
2794
5235
5166
2297
282
814
3753
1334
5274
2592
4047
1088
282
2162
809
817
4575
2810
2399
2124
7613
3628
2592
1473
1473
5044
1347
3708
2401
2398
2810
3629
9770
2401
310
527
310
305
310
2103
2103
2860
305
1950
1176
1176
2934
1175
1454
1454
3632
538
1178
2954
1872
516
520
2744
99
3142
1240
851
1870
2001
307
307
1402
884
2325
3610
1456
1872
886
99
886
2954
2954
1228
831
3426
1372
849
831
3312
3116
4938
708
3312
8408
2042
708
1173
242
3198
1875
1864
2156
1864
4820
2941
5388
3740
2104
527
1877
527
1903
2325
3116
3116
1793
1456
3475
1456
2833
3925
1864
9431
1372
1372
1293
1387
3812
1333
2347
2347
4905
501
2082
159
159
3267
2224
1331
473
481
3224
2446
5699
478
5566
2716
478
794
2608
1386
1387
3894
3337
807
5856
4002
1387
1415
1415
5404
7937
2541
2717
1268
1395
1291
5733
3773
1425
1425
1425
3892
5307
2283
2268
1433
2058
1277
2267
1268
4856
1900
2058
1333
4102
537
181
2362
181
790
540
1178
537
2369
1293
540
1057
1326
1057
1612
987
369
1698
369
3048
2570
369
2797
490
490
366
185
4260
367
332
1297
562
442
332
3835
1197
586
346
1607
346
975
5244
2565
1183
2543
343
244
586
586
619
1936
975
4548
4256
4556
3448
817
7170
809
817
876
2309
3367
932
3757
1527
1630
932
3939
984
3332
2414
346
2880
3986
3339
2309
987
3972
1361
369
2185
1358
1037
1612
1381
3268
3268
332
2562
944
2091
1938
1361
2675
984
2852
605
358
1648
358
1006
3713
125
355
605
605
576
760
1260
1260
1006
1260
5130
4625
1340
1012
1301
2782
1083
787
358
650
1301
650
1301
775
2065
2234
4291
3278
3114
1652
1015
1652
349
1581
3968
1830
349
2619
760
1430
4032
866
1083
516
1581
866
1012
1083
2519
2519
1323
2547
612
2329
2329
1969
1055
2625
1711
997
802
4812
2981
6042
2066
866
1711
2065
1793
1601
4431
371
626
371
363
371
4123
2975
4133
363
1886
2656
2656
4172
3830
1696
3095
1696
638
2924
1947
1205
1044
1883
118
1883
1005
4127
118
1046
1637
613
2074
5843
1820
3208
2074
368
368
1327
2132
5740
2485
626
4995
4262
626
2691
1205
701
2132
1699
4510
3063
1325
3063
1003
991
3083
3083
3828
7954
9516
5716
2485
953
8989
1327
5624
1205
4238
1327
3080
4236
9031
3080
3097
3359
582
172
344
3435
2261
4681
582
510
582
2877
1824
3097
637
217
3525
2729
217
2538
637
640
3094
2737
853
1406
3899
1406
1600
1406
2630
980
640
1655
3924
1729
1600
1344
853
715
1414
1600
715
3218
1342
1869
1342
1655
2616
1663
2154
1919
848
1342
296
4072
2256
853
1918
848
3564
5585
2513
3879
5053
400
1536
400
3374
2454
551
5516
3781
1517
531
3946
3546
1423
261
2359
261
2281
4331
1112
395
499
1685
728
532
499
4344
1879
1112
3949
837
2968
837
5687
1808
2848
386
4250
1087
6264
4420
5234
2847
2070
6275
1851
2090
234
234
1155
233
680
4420
236
1141
406
1155
236
2263
1412
6398
1111
1408
1412
1956
1408
7010
4898
3047
3520
509
680
2991
2273
4434
406
406
5252
3220
4937
4654
1111
2263
3220
1906
1906
9430
3288
4609
3049
3046
2306
4535
7408
3049
417
704
1732
1892
417
980
2269
713
980
417
412
2548
412
1968
4788
5425
3618
3618
536
5418
2887
899
529
2520
536
529
536
911
3841
3982
2357
5182
2357
3519
910
913
3981
2806
5242
704
704
913
5264
1170
1730
1730
1730
4505
1172
136
1172
2983
1894
2320
3586
1894
1596
344
513
2996
513
510
2276
1125
861
1062
1824
6538
5522
1070
5743
1070
4892
3260
513
4159
5086
1420
511
4986
712
344
244
1413
4273
977
712
786
468
468
960
2096
3578
1299
1687
1299
896
623
1569
1151
2604
1470
1302
2011
2348
1039
692
1151
2240
2738
2987
7149
1569
1151
2154
3152
454
793
1396
3173
1396
2987
2618
1274
2256
2096
786
623
1533
454
1611
2349
623
786
1294
3486
3569
751
1294
1975
3953
2092
468
3576
1107
649
1200
465
649
960
883
1477
1439
960
2887
5327
1477
2305
1587
2029
2326
2738
1688
468
883
3642
1470
481
481
5005
2227
473
2693
2693
2685
2222
501
4018
2429
2139
2243
819
2227
3636
3134
6012
7329
501
3888
3620
6759
972
3134
972
976
7977
976
976
1594
342
3999
2539
7981
3999
1138
2908
3652
628
1843
636
3652
403
1138
1138
4483
1072
1133
2685
1843
2099
2099
3267
3645
2107
1556
1074
1742
389
1074
821
1074
4787
1354
2028
821
821
1504
1504
1258
4330
757
2028
642
1071
380
2811
833
3880
553
1742
3372
487
1391
285
285
4181
285
2231
2312
757
236
2915
642
2428
3380
818
4017
1444
861
861
892
2565
1411
447
1251
3168
1255
4191
1378
2299
1378
2566
677
1423
3635
3076
2767
677
2677
1749
3782
1749
1251
534
1255
5300
1255
2281
499
4101
2880
1380
879
524
2313
524
1440
2180
185
521
879
879
851
1013
1649
1649
1440
1240
2799
1728
1445
524
923
4263
1689
2884
1513
1689
823
1040
1090
1028
1145
1145
4263
4111
1768
2317
1448
5898
1277
430
430
3219
4851
1275
2654
2079
2058
3219
2799
1212
1212
1212
1445
729
1513
1513
1277
1950
1433
1967
2590
1055
2317
516
516
3082
3589
1013
1950
3527
886
1711
2573
1615
1475
2517
178
2517
5422
178
887
2663
7488
2088
3263
2663
533
533
1715
2718
6351
3467
899
5004
4644
899
3651
1615
967
2718
2360
5709
3957
3957
1713
1437
1427
3973
3973
4976
8732
10788
7391
3467
1389
1715
5503
1715
1826
8685
1826
9187
1615
4384
4388
4260
3135
5225
4474
562
1237
562
3051
2001
831
4919
3135
2202
6560
333
948
1559
568
5635
2659
5635
336
1572
336
1773
1572
2978
3780
2676
4945
334
334
1181
6552
706
706
711
2581
711
711
3005
3898
3005
4846
1193
5816
6556
3150
3150
242
1908
1181
1181
2537
3360
4058
8749
4120
2158
3008
1247
3360
4554
2042
948
1192
568
4436
568
4001
609
1046
692
692
2975
2154
3588
1172
1663
2682
1039
609
1988
896
1232
1300
896
2678
1271
2009
1973
922
620
922
2790
1039
1005
1866
1271
2596
1258
1258
1010
1010
687
915
2923
1142
336
915
545
1556
909
1556
656
1551
3175
3174
2617
1772
1501
388
5226
1850
380
2809
380
3825
2107
565
901
2205
787
6158
4283
650
1757
4205
6111
6220
1778
4115
6111
659
2048
2007
3469
7976
2050
3469
3210
3296
2050
6230
1781
2202
787
1778
3622
2097
7035
815
3210
2155
7019
4473
4433
1781
1560
955
3355
1354
545
2488
2969
388
387
955
955
389
1775
658
604
389
2235
1393
733
223
1970
3477
1791
735
223
1105
3100
735
1222
1970
585
1243
7358
1222
1222
843
503
2230
503
1384
7329
2243
500
843
843
1604
5651
1384
4339
3840
487
1354
503
1647
1560
1393
487
554
3468
5538
931
1390
554
2235
585
4486
3468
1091
1525
1393
658
658
552
1391
1349
2431
878
1146
689
998
325
2591
1857
2443
1000
325
1532
3987
1000
1631
2591
860
675
4459
1631
1631
2231
689
1848
7288
1377
642
834
686
449
1146
860
3187
1848
1521
689
2210
931
931
4120
4836
10430
1623
6346
2158
2158
4835
11587
4089
4835
3740
5186
2042
4122
954
389
2486
4274
1142
957
957
1564
2486
424
4029
1564
424
3953
1972
2324
2995
1270
2324
735
1086
1105
1086
2201
1104
2324
466
3514
466
5123
1533
2673
2674
1972
621
3105
726
5971
1036
1926
943
3120
2300
5672
1934
2300
1435
1434
496
496
1098
5315
2495
1435
1780
2206
687
1377
1095
957
1377
832
3436
687
449
3325
1484
1054
801
1204
2637
932
4881
6397
7757
2434
7676
5481
1845
1845
1849
1849
9833
2639
2600
1849
685
6486
4437
2639
5918
3910
3910
4525
1236
6774
1594
5368
1594
3518
10317
4596
4186
2742
3913
1638
4186
5741
2631
1470
1660
2504
2594
1439
1660
2088
3055
3272
1368
2602
893
1368
1090
1040
2970
923
6357
2185
7767
2434
2437
1087
1040
8290
2683
2927
2791
1768
2072
1068
4050
6414
2739
2742
4519
2961
2742
8750
5918
5127
2631
5417
2917
5415
2292
4519
8481
5284
2593
1270
3900
1659
1000
1516
1532
1516
1531
1270
621
1902
2790
1820
1820
1232
2593
894
3992
991
6901
1467
2083
3282
5066
5066
6828
3385
1378
2023
953
2483
5652
2487
3606
3606
6247
6187
2483
2487
6551
3574
2487
783
2087
4900
1427
5320
1435
1230
2818
5243
1230
3055
1659
2087
1107
2088
3735
1780
1780
2443
2807
1791
2201
6533
1516
1086
676
993
2883
1128
5707
679
2896
679
3881
2767
1471
7043
1369
1520
2023
1517
1471
9723
3440
1469
2032
993
3419
1128
2091
947
1383
1383
1238
1383
947
947
679
1804
1113
4906
985
4508
2850
728
3815
3137
720
4655
720
3254
5716
10318
6187
3694
3290
5716
1213
8952
3288
3591
1038
1113
2413
728
727
2469
1828
1164
729
6549
3643
3844
3736
2424
2661
1498
5363
7887
3691
2467
994
3452
760
1579
994
6666
729
1430
1430
1485
1055
6206
802
1757
1238
2621
1238
785
3450
1013
1830
1957
2795
3600
3290
3834
1229
894
1659
2533
1389
2050
7343
7774
