begin_sites
n_sites 12
0 1.0 0 +0.000000000000000000 +0.000000000000000000
1 1.0 0 +2.034443935795702707 +3.141592653589793116
2 1.0 0 +2.034443935795702707 -1.884955592153875870
3 1.0 0 +1.107148717794090409 +1.256637061435917246
4 1.0 0 +2.034443935795702707 -0.628318530717958623
5 1.0 0 +1.107148717794090409 +2.513274122871834493
6 1.0 0 +3.141592653589793116 +0.000000000000000000
7 1.0 0 +2.034443935795702707 +0.628318530717958623
8 1.0 0 +1.107148717794090409 -2.513274122871834493
9 1.0 0 +1.107148717794090409 -1.256637061435917246
10 1.0 0 +2.034443935795702707 +1.884955592153875870
11 1.0 0 +1.107148717794090409 +0.000000000000000000
end_sites
begin_faces
n_faces 20
0 1.0 0 3 5
1 1.0 0 3 11
2 1.0 0 5 8
3 1.0 0 8 9
4 1.0 0 9 11
5 1.0 1 2 6
6 1.0 1 2 8
7 1.0 1 5 8
8 1.0 1 5 10
9 1.0 1 6 10
10 1.0 2 4 6
11 1.0 2 4 9
12 1.0 2 8 9
13 1.0 3 5 10
14 1.0 3 7 10
15 1.0 3 7 11
16 1.0 4 6 7
17 1.0 4 7 11
18 1.0 4 9 11
19 1.0 6 7 10
end_faces
