begin_sites
n_sites 5
0 1.0 0 +0.000000000000000000 +0.000000000000000000 +0.000000000000000000
1 1.0 0 +1.823476581936975371 +0.955316618124509298 +0.785398163397448279
2 1.0 0 +1.823476581936975371 +2.186276035465283929 -0.785398163397448279
3 1.0 0 +1.823476581936975371 +2.186276035465283929 +2.356194490192344837
4 1.0 0 +1.823476581936975371 +0.955316618124509298 -2.356194490192344837
end_sites
begin_cells
n_cells 5
0 1.0 0 1 2 3
1 1.0 0 1 2 4
2 1.0 0 1 3 4
3 1.0 0 2 3 4
4 1.0 1 2 3 4
end_cells
