begin_sites
n_sites 8
0 1.0 0 +0.000000000000000000 +0.000000000000000000 +0.000000000000000000
1 1.0 0 +1.570796326794896558 +1.570796326794896558 +0.000000000000000000
2 1.0 0 +3.141592653589793116 +0.000000000000000000 +0.000000000000000000
3 1.0 0 +1.570796326794896558 +1.570796326794896558 +3.141592653589793116
4 1.0 0 +1.570796326794896558 +1.570796326794896558 +1.570796326794896558
5 1.0 0 +1.570796326794896558 +1.570796326794896558 -1.570796326794896558
6 1.0 0 +1.570796326794896558 +0.000000000000000000 +0.000000000000000000
7 1.0 0 +1.570796326794896558 +3.141592653589793116 +0.000000000000000000
end_sites
begin_cells
n_cells 16
0 1.0 0 1 4 6
1 1.0 0 1 4 7
2 1.0 0 1 5 6
3 1.0 0 1 5 7
4 1.0 0 3 4 6
5 1.0 0 3 4 7
6 1.0 0 3 5 6
7 1.0 0 3 5 7
8 1.0 1 2 4 6
9 1.0 1 2 4 7
10 1.0 1 2 5 6
11 1.0 1 2 5 7
12 1.0 2 3 4 6
13 1.0 2 3 4 7
14 1.0 2 3 5 6
15 1.0 2 3 5 7
end_cells
