begin_sites
n_sites 120
0 1.0 0 +0.000000000000000000 +0.000000000000000000 +0.000000000000000000
1 1.0 0 +2.094395102393195707 +1.570796326794896558 +0.364863828113483168
2 1.0 0 +0.628318530717958623 +1.570796326794896558 +1.017221967897851354
3 1.0 0 +2.094395102393195707 +1.570796326794896558 -2.776728825476309837
4 1.0 0 +2.513274122871834493 +1.570796326794896558 +1.017221967897851354
5 1.0 0 +1.570796326794896558 +1.256637061435917246 -2.588018294692747912
6 1.0 0 +1.570796326794896558 +1.570796326794896558 +3.141592653589793116
7 1.0 0 +0.628318530717958623 +1.017221967897851354 +0.000000000000000000
8 1.0 0 +2.513274122871834493 +2.124370685691941762 +0.000000000000000000
9 1.0 0 +1.884955592153875870 +1.570796326794896558 -2.124370685691941762
10 1.0 0 +2.094395102393195707 +2.186276035465283929 +0.785398163397448279
11 1.0 0 +2.513274122871834493 +1.017221967897851354 +0.000000000000000000
12 1.0 0 +1.570796326794896558 +1.884955592153875870 -2.588018294692747912
13 1.0 0 +0.628318530717958623 +1.570796326794896558 -1.017221967897851354
14 1.0 0 +1.884955592153875870 +2.124370685691941762 +3.141592653589793116
15 1.0 0 +1.884955592153875870 +2.124370685691941762 +0.000000000000000000
16 1.0 0 +0.628318530717958623 +1.570796326794896558 +2.124370685691941762
17 1.0 0 +2.094395102393195707 +0.955316618124509298 -2.356194490192344837
18 1.0 0 +1.570796326794896558 +1.047197551196597853 -1.935660154908379837
19 1.0 0 +0.628318530717958623 +2.124370685691941762 +0.000000000000000000
20 1.0 0 +2.094395102393195707 +1.570796326794896558 -0.364863828113483168
21 1.0 0 +0.628318530717958623 +2.588018294692747912 +1.570796326794896558
22 1.0 0 +2.094395102393195707 +2.186276035465283929 -2.356194490192344837
23 1.0 0 +1.884955592153875870 +1.570796326794896558 +1.017221967897851354
24 1.0 0 +0.628318530717958623 +0.553574358897045204 -1.570796326794896558
25 1.0 0 +1.047197551196597853 +0.955316618124509298 -0.785398163397448279
26 1.0 0 +1.047197551196597853 +1.205932498681413501 +1.570796326794896558
27 1.0 0 +1.570796326794896558 +0.628318530717958623 -2.588018294692747912
28 1.0 0 +2.513274122871834493 +2.588018294692747912 +1.570796326794896558
29 1.0 0 +2.094395102393195707 +1.935660154908379837 +1.570796326794896558
30 1.0 0 +0.628318530717958623 +2.588018294692747912 -1.570796326794896558
31 1.0 0 +2.094395102393195707 +1.570796326794896558 +2.776728825476309837
32 1.0 0 +1.884955592153875870 +1.017221967897851354 +0.000000000000000000
33 1.0 0 +2.094395102393195707 +0.955316618124509298 -0.785398163397448279
34 1.0 0 +2.094395102393195707 +1.205932498681413501 +1.570796326794896558
35 1.0 0 +1.047197551196597853 +0.364863828113483168 +0.000000000000000000
36 1.0 0 +1.256637061435917246 +2.124370685691941762 +3.141592653589793116
37 1.0 0 +1.570796326794896558 +1.884955592153875870 +2.588018294692747912
38 1.0 0 +0.628318530717958623 +0.553574358897045204 +1.570796326794896558
39 1.0 0 +1.884955592153875870 +1.017221967897851354 +3.141592653589793116
40 1.0 0 +1.256637061435917246 +1.570796326794896558 -2.124370685691941762
41 1.0 0 +1.047197551196597853 +1.935660154908379837 +1.570796326794896558
42 1.0 0 +1.256637061435917246 +1.570796326794896558 +2.124370685691941762
43 1.0 0 +1.884955592153875870 +2.588018294692747912 +1.570796326794896558
44 1.0 0 +2.094395102393195707 +1.205932498681413501 -1.570796326794896558
45 1.0 0 +1.570796326794896558 +1.570796326794896558 -1.570796326794896558
46 1.0 0 +1.570796326794896558 +1.256637061435917246 +2.588018294692747912
47 1.0 0 +2.094395102393195707 +0.364863828113483168 +0.000000000000000000
48 1.0 0 +1.047197551196597853 +2.186276035465283929 +0.785398163397448279
49 1.0 0 +2.094395102393195707 +0.955316618124509298 +0.785398163397448279
50 1.0 0 +1.047197551196597853 +1.570796326794896558 -0.364863828113483168
51 1.0 0 +1.570796326794896558 +1.570796326794896558 +1.570796326794896558
52 1.0 0 +1.570796326794896558 +2.513274122871834493 +2.588018294692747912
53 1.0 0 +1.047197551196597853 +1.205932498681413501 -1.570796326794896558
54 1.0 0 +1.256637061435917246 +1.570796326794896558 -1.017221967897851354
55 1.0 0 +1.047197551196597853 +0.955316618124509298 +0.785398163397448279
56 1.0 0 +2.094395102393195707 +2.186276035465283929 -0.785398163397448279
57 1.0 0 +1.570796326794896558 +2.094395102393195707 -1.935660154908379837
58 1.0 0 +1.047197551196597853 +2.186276035465283929 +2.356194490192344837
59 1.0 0 +1.570796326794896558 +1.570796326794896558 +0.000000000000000000
60 1.0 0 +1.570796326794896558 +1.884955592153875870 -0.553574358897045204
61 1.0 0 +2.094395102393195707 +2.776728825476309837 +0.000000000000000000
62 1.0 0 +1.047197551196597853 +2.186276035465283929 -0.785398163397448279
63 1.0 0 +1.570796326794896558 +1.047197551196597853 -1.205932498681413501
64 1.0 0 +2.513274122871834493 +1.570796326794896558 +2.124370685691941762
65 1.0 0 +2.513274122871834493 +1.570796326794896558 -1.017221967897851354
66 1.0 0 +1.884955592153875870 +1.570796326794896558 +2.124370685691941762
67 1.0 0 +1.256637061435917246 +2.588018294692747912 +1.570796326794896558
68 1.0 0 +1.570796326794896558 +1.256637061435917246 -0.553574358897045204
69 1.0 0 +1.884955592153875870 +1.570796326794896558 -1.017221967897851354
70 1.0 0 +2.513274122871834493 +0.553574358897045204 +1.570796326794896558
71 1.0 0 +1.570796326794896558 +2.094395102393195707 +1.205932498681413501
72 1.0 0 +2.513274122871834493 +1.570796326794896558 -2.124370685691941762
73 1.0 0 +2.094395102393195707 +1.935660154908379837 -1.570796326794896558
74 1.0 0 +1.570796326794896558 +2.513274122871834493 -2.588018294692747912
75 1.0 0 +1.047197551196597853 +1.570796326794896558 +2.776728825476309837
76 1.0 0 +1.570796326794896558 +2.513274122871834493 -0.553574358897045204
77 1.0 0 +1.047197551196597853 +0.955316618124509298 +2.356194490192344837
78 1.0 0 +1.047197551196597853 +1.935660154908379837 -1.570796326794896558
79 1.0 0 +1.570796326794896558 +1.047197551196597853 +1.935660154908379837
80 1.0 0 +0.628318530717958623 +2.124370685691941762 +3.141592653589793116
81 1.0 0 +2.094395102393195707 +0.364863828113483168 +3.141592653589793116
82 1.0 0 +1.256637061435917246 +1.017221967897851354 +3.141592653589793116
83 1.0 0 +1.570796326794896558 +0.628318530717958623 +2.588018294692747912
84 1.0 0 +1.884955592153875870 +0.553574358897045204 -1.570796326794896558
85 1.0 0 +1.256637061435917246 +0.553574358897045204 +1.570796326794896558
86 1.0 0 +2.094395102393195707 +2.186276035465283929 +2.356194490192344837
87 1.0 0 +0.628318530717958623 +1.570796326794896558 -2.124370685691941762
88 1.0 0 +1.047197551196597853 +2.776728825476309837 +0.000000000000000000
89 1.0 0 +1.256637061435917246 +1.570796326794896558 +1.017221967897851354
90 1.0 0 +1.884955592153875870 +2.588018294692747912 -1.570796326794896558
91 1.0 0 +1.570796326794896558 +1.047197551196597853 +1.205932498681413501
92 1.0 0 +1.570796326794896558 +1.884955592153875870 +0.553574358897045204
93 1.0 0 +1.047197551196597853 +0.364863828113483168 +3.141592653589793116
94 1.0 0 +1.256637061435917246 +0.553574358897045204 -1.570796326794896558
95 1.0 0 +1.884955592153875870 +0.553574358897045204 +1.570796326794896558
96 1.0 0 +2.513274122871834493 +1.017221967897851354 +3.141592653589793116
97 1.0 0 +1.570796326794896558 +2.094395102393195707 -1.205932498681413501
98 1.0 0 +2.094395102393195707 +0.955316618124509298 +2.356194490192344837
99 1.0 0 +3.141592653589793116 +0.000000000000000000 +0.000000000000000000
100 1.0 0 +1.256637061435917246 +2.124370685691941762 +0.000000000000000000
101 1.0 0 +1.570796326794896558 +0.000000000000000000 +0.000000000000000000
102 1.0 0 +1.256637061435917246 +2.588018294692747912 -1.570796326794896558
103 1.0 0 +1.047197551196597853 +1.570796326794896558 +0.364863828113483168
104 1.0 0 +2.094395102393195707 +2.776728825476309837 +3.141592653589793116
105 1.0 0 +1.570796326794896558 +2.513274122871834493 +0.553574358897045204
106 1.0 0 +1.570796326794896558 +3.141592653589793116 +0.000000000000000000
107 1.0 0 +1.047197551196597853 +2.776728825476309837 +3.141592653589793116
108 1.0 0 +2.513274122871834493 +2.124370685691941762 +3.141592653589793116
109 1.0 0 +1.570796326794896558 +0.628318530717958623 +0.553574358897045204
110 1.0 0 +1.570796326794896558 +0.628318530717958623 -0.553574358897045204
111 1.0 0 +0.628318530717958623 +1.017221967897851354 +3.141592653589793116
112 1.0 0 +1.047197551196597853 +1.570796326794896558 -2.776728825476309837
113 1.0 0 +2.513274122871834493 +2.588018294692747912 -1.570796326794896558
114 1.0 0 +1.047197551196597853 +2.186276035465283929 -2.356194490192344837
115 1.0 0 +1.047197551196597853 +0.955316618124509298 -2.356194490192344837
116 1.0 0 +1.570796326794896558 +2.094395102393195707 +1.935660154908379837
117 1.0 0 +1.256637061435917246 +1.017221967897851354 +0.000000000000000000
118 1.0 0 +1.570796326794896558 +1.256637061435917246 +0.553574358897045204
119 1.0 0 +2.513274122871834493 +0.553574358897045204 -1.570796326794896558
end_sites
begin_cells
n_cells 600
0 1.0 0 2 7 19
1 1.0 0 2 7 38
2 1.0 0 2 16 21
3 1.0 0 2 16 38
4 1.0 0 2 19 21
5 1.0 0 7 13 19
6 1.0 0 7 13 24
7 1.0 0 7 24 38
8 1.0 0 13 19 30
9 1.0 0 13 24 87
10 1.0 0 13 30 87
11 1.0 0 16 21 80
12 1.0 0 16 38 111
13 1.0 0 16 80 111
14 1.0 0 19 21 30
15 1.0 0 21 30 80
16 1.0 0 24 38 111
17 1.0 0 24 87 111
18 1.0 0 30 80 87
19 1.0 0 80 87 111
20 1.0 1 4 8 10
21 1.0 1 4 8 11
22 1.0 1 4 10 23
23 1.0 1 4 11 49
24 1.0 1 4 23 49
25 1.0 1 8 10 15
26 1.0 1 8 11 20
27 1.0 1 8 15 20
28 1.0 1 10 15 92
29 1.0 1 10 23 92
30 1.0 1 11 20 32
31 1.0 1 11 32 49
32 1.0 1 15 20 59
33 1.0 1 15 59 92
34 1.0 1 20 32 59
35 1.0 1 23 49 118
36 1.0 1 23 92 118
37 1.0 1 32 49 118
38 1.0 1 32 59 118
39 1.0 1 59 92 118
40 1.0 2 7 19 103
41 1.0 2 7 38 55
42 1.0 2 7 55 103
43 1.0 2 16 21 41
44 1.0 2 16 26 38
45 1.0 2 16 26 41
46 1.0 2 19 21 48
47 1.0 2 19 48 103
48 1.0 2 21 41 48
49 1.0 2 26 38 55
50 1.0 2 26 41 89
51 1.0 2 26 55 89
52 1.0 2 41 48 89
53 1.0 2 48 89 103
54 1.0 2 55 89 103
55 1.0 3 5 6 12
56 1.0 3 5 6 39
57 1.0 3 5 9 12
58 1.0 3 5 9 17
59 1.0 3 5 17 39
60 1.0 3 6 12 14
61 1.0 3 6 14 31
62 1.0 3 6 31 39
63 1.0 3 9 12 22
64 1.0 3 9 17 72
65 1.0 3 9 22 72
66 1.0 3 12 14 22
67 1.0 3 14 22 108
68 1.0 3 14 31 108
69 1.0 3 17 39 96
70 1.0 3 17 72 96
71 1.0 3 22 72 108
72 1.0 3 31 39 96
73 1.0 3 31 96 108
74 1.0 3 72 96 108
75 1.0 4 8 10 28
76 1.0 4 8 11 99
77 1.0 4 8 28 99
78 1.0 4 10 23 29
79 1.0 4 10 28 29
80 1.0 4 11 49 70
81 1.0 4 11 70 99
82 1.0 4 23 29 34
83 1.0 4 23 34 49
84 1.0 4 28 29 64
85 1.0 4 28 64 99
86 1.0 4 29 34 64
87 1.0 4 34 49 70
88 1.0 4 34 64 70
89 1.0 4 64 70 99
90 1.0 5 6 12 112
91 1.0 5 6 39 82
92 1.0 5 6 82 112
93 1.0 5 9 12 40
94 1.0 5 9 17 18
95 1.0 5 9 18 40
96 1.0 5 12 40 112
97 1.0 5 17 18 27
98 1.0 5 17 27 39
99 1.0 5 18 27 115
100 1.0 5 18 40 115
101 1.0 5 27 39 82
102 1.0 5 27 82 115
103 1.0 5 40 112 115
104 1.0 5 82 112 115
105 1.0 6 12 14 36
106 1.0 6 12 36 112
107 1.0 6 14 31 37
108 1.0 6 14 36 37
109 1.0 6 31 37 46
110 1.0 6 31 39 46
111 1.0 6 36 37 75
112 1.0 6 36 75 112
113 1.0 6 37 46 75
114 1.0 6 39 46 82
115 1.0 6 46 75 82
116 1.0 6 75 82 112
117 1.0 7 13 19 50
118 1.0 7 13 24 25
119 1.0 7 13 25 50
120 1.0 7 19 50 103
121 1.0 7 24 25 35
122 1.0 7 24 35 38
123 1.0 7 25 35 117
124 1.0 7 25 50 117
125 1.0 7 35 38 55
126 1.0 7 35 55 117
127 1.0 7 50 103 117
128 1.0 7 55 103 117
129 1.0 8 10 15 61
130 1.0 8 10 28 61
131 1.0 8 11 20 65
132 1.0 8 11 65 99
133 1.0 8 15 20 56
134 1.0 8 15 56 61
135 1.0 8 20 56 65
136 1.0 8 28 61 113
137 1.0 8 28 99 113
138 1.0 8 56 61 113
139 1.0 8 56 65 113
140 1.0 8 65 99 113
141 1.0 9 12 22 57
142 1.0 9 12 40 57
143 1.0 9 17 18 44
144 1.0 9 17 44 72
145 1.0 9 18 40 45
146 1.0 9 18 44 45
147 1.0 9 22 57 73
148 1.0 9 22 72 73
149 1.0 9 40 45 57
150 1.0 9 44 45 73
151 1.0 9 44 72 73
152 1.0 9 45 57 73
153 1.0 10 15 61 105
154 1.0 10 15 92 105
155 1.0 10 23 29 71
156 1.0 10 23 71 92
157 1.0 10 28 29 43
158 1.0 10 28 43 61
159 1.0 10 29 43 71
160 1.0 10 43 61 105
161 1.0 10 43 71 105
162 1.0 10 71 92 105
163 1.0 11 20 32 33
164 1.0 11 20 33 65
165 1.0 11 32 33 47
166 1.0 11 32 47 49
167 1.0 11 33 47 119
168 1.0 11 33 65 119
169 1.0 11 47 49 70
170 1.0 11 47 70 119
171 1.0 11 65 99 119
172 1.0 11 70 99 119
173 1.0 12 14 22 74
174 1.0 12 14 36 74
175 1.0 12 22 57 74
176 1.0 12 36 74 114
177 1.0 12 36 112 114
178 1.0 12 40 57 114
179 1.0 12 40 112 114
180 1.0 12 57 74 114
181 1.0 13 19 30 62
182 1.0 13 19 50 62
183 1.0 13 24 25 53
184 1.0 13 24 53 87
185 1.0 13 25 50 54
186 1.0 13 25 53 54
187 1.0 13 30 62 78
188 1.0 13 30 78 87
189 1.0 13 50 54 62
190 1.0 13 53 54 78
191 1.0 13 53 78 87
192 1.0 13 54 62 78
193 1.0 14 22 74 104
194 1.0 14 22 104 108
195 1.0 14 31 37 86
196 1.0 14 31 86 108
197 1.0 14 36 37 52
198 1.0 14 36 52 74
199 1.0 14 37 52 86
200 1.0 14 52 74 104
201 1.0 14 52 86 104
202 1.0 14 86 104 108
203 1.0 15 20 56 60
204 1.0 15 20 59 60
205 1.0 15 56 60 76
206 1.0 15 56 61 76
207 1.0 15 59 60 100
208 1.0 15 59 92 100
209 1.0 15 60 76 100
210 1.0 15 61 76 105
211 1.0 15 76 100 105
212 1.0 15 92 100 105
213 1.0 16 21 41 58
214 1.0 16 21 58 80
215 1.0 16 26 38 77
216 1.0 16 26 41 42
217 1.0 16 26 42 77
218 1.0 16 38 77 111
219 1.0 16 41 42 58
220 1.0 16 42 58 75
221 1.0 16 42 75 77
222 1.0 16 58 75 80
223 1.0 16 75 77 111
224 1.0 16 75 80 111
225 1.0 17 18 27 84
226 1.0 17 18 44 84
227 1.0 17 27 39 81
228 1.0 17 27 81 84
229 1.0 17 39 81 96
230 1.0 17 44 72 119
231 1.0 17 44 84 119
232 1.0 17 72 96 119
233 1.0 17 81 84 119
234 1.0 17 81 96 119
235 1.0 18 27 84 94
236 1.0 18 27 94 115
237 1.0 18 40 45 53
238 1.0 18 40 53 115
239 1.0 18 44 45 63
240 1.0 18 44 63 84
241 1.0 18 45 53 63
242 1.0 18 53 63 94
243 1.0 18 53 94 115
244 1.0 18 63 84 94
245 1.0 19 21 30 88
246 1.0 19 21 48 88
247 1.0 19 30 62 88
248 1.0 19 48 88 100
249 1.0 19 48 100 103
250 1.0 19 50 62 100
251 1.0 19 50 100 103
252 1.0 19 62 88 100
253 1.0 20 32 33 68
254 1.0 20 32 59 68
255 1.0 20 33 65 69
256 1.0 20 33 68 69
257 1.0 20 56 60 69
258 1.0 20 56 65 69
259 1.0 20 59 60 68
260 1.0 20 60 68 69
261 1.0 21 30 80 107
262 1.0 21 30 88 107
263 1.0 21 41 48 67
264 1.0 21 41 58 67
265 1.0 21 48 67 88
266 1.0 21 58 67 107
267 1.0 21 58 80 107
268 1.0 21 67 88 107
269 1.0 22 57 73 90
270 1.0 22 57 74 90
271 1.0 22 72 73 113
272 1.0 22 72 108 113
273 1.0 22 73 90 113
274 1.0 22 74 90 104
275 1.0 22 90 104 113
276 1.0 22 104 108 113
277 1.0 23 29 34 51
278 1.0 23 29 51 71
279 1.0 23 34 49 91
280 1.0 23 34 51 91
281 1.0 23 49 91 118
282 1.0 23 51 71 89
283 1.0 23 51 89 91
284 1.0 23 71 89 92
285 1.0 23 89 91 118
286 1.0 23 89 92 118
287 1.0 24 25 35 94
288 1.0 24 25 53 94
289 1.0 24 35 38 93
290 1.0 24 35 93 94
291 1.0 24 38 93 111
292 1.0 24 53 87 115
293 1.0 24 53 94 115
294 1.0 24 87 111 115
295 1.0 24 93 94 115
296 1.0 24 93 111 115
297 1.0 25 35 94 110
298 1.0 25 35 110 117
299 1.0 25 50 54 68
300 1.0 25 50 68 117
301 1.0 25 53 54 63
302 1.0 25 53 63 94
303 1.0 25 54 63 68
304 1.0 25 63 68 110
305 1.0 25 63 94 110
306 1.0 25 68 110 117
307 1.0 26 38 55 85
308 1.0 26 38 77 85
309 1.0 26 41 42 51
310 1.0 26 41 51 89
311 1.0 26 42 51 79
312 1.0 26 42 77 79
313 1.0 26 51 79 91
314 1.0 26 51 89 91
315 1.0 26 55 85 91
316 1.0 26 55 89 91
317 1.0 26 77 79 85
318 1.0 26 79 85 91
319 1.0 27 39 81 83
320 1.0 27 39 82 83
321 1.0 27 81 83 101
322 1.0 27 81 84 101
323 1.0 27 82 83 93
324 1.0 27 82 93 115
325 1.0 27 83 93 101
326 1.0 27 84 94 101
327 1.0 27 93 94 101
328 1.0 27 93 94 115
329 1.0 28 29 43 86
330 1.0 28 29 64 86
331 1.0 28 43 61 104
332 1.0 28 43 86 104
333 1.0 28 61 104 113
334 1.0 28 64 86 108
335 1.0 28 64 99 108
336 1.0 28 86 104 108
337 1.0 28 99 108 113
338 1.0 28 104 108 113
339 1.0 29 34 51 66
340 1.0 29 34 64 66
341 1.0 29 43 71 116
342 1.0 29 43 86 116
343 1.0 29 51 66 116
344 1.0 29 51 71 116
345 1.0 29 64 66 86
346 1.0 29 66 86 116
347 1.0 30 62 78 102
348 1.0 30 62 88 102
349 1.0 30 78 87 114
350 1.0 30 78 102 114
351 1.0 30 80 87 114
352 1.0 30 80 107 114
353 1.0 30 88 102 107
354 1.0 30 102 107 114
355 1.0 31 37 46 66
356 1.0 31 37 66 86
357 1.0 31 39 46 98
358 1.0 31 39 96 98
359 1.0 31 46 66 98
360 1.0 31 64 66 86
361 1.0 31 64 66 98
362 1.0 31 64 86 108
363 1.0 31 64 96 98
364 1.0 31 64 96 108
365 1.0 32 33 47 110
366 1.0 32 33 68 110
367 1.0 32 47 49 109
368 1.0 32 47 109 110
369 1.0 32 49 109 118
370 1.0 32 59 68 117
371 1.0 32 59 117 118
372 1.0 32 68 110 117
373 1.0 32 109 110 117
374 1.0 32 109 117 118
375 1.0 33 44 63 69
376 1.0 33 44 63 84
377 1.0 33 44 65 69
378 1.0 33 44 65 119
379 1.0 33 44 84 119
380 1.0 33 47 84 110
381 1.0 33 47 84 119
382 1.0 33 63 68 69
383 1.0 33 63 68 110
384 1.0 33 63 84 110
385 1.0 34 49 70 95
386 1.0 34 49 91 95
387 1.0 34 51 66 79
388 1.0 34 51 79 91
389 1.0 34 64 66 98
390 1.0 34 64 70 98
391 1.0 34 66 79 98
392 1.0 34 70 95 98
393 1.0 34 79 91 95
394 1.0 34 79 95 98
395 1.0 35 38 55 85
396 1.0 35 38 85 93
397 1.0 35 55 85 109
398 1.0 35 55 109 117
399 1.0 35 85 93 101
400 1.0 35 85 101 109
401 1.0 35 93 94 101
402 1.0 35 94 101 110
403 1.0 35 101 109 110
404 1.0 35 109 110 117
405 1.0 36 37 52 58
406 1.0 36 37 58 75
407 1.0 36 52 58 107
408 1.0 36 52 74 107
409 1.0 36 58 75 80
410 1.0 36 58 80 107
411 1.0 36 74 107 114
412 1.0 36 75 80 112
413 1.0 36 80 107 114
414 1.0 36 80 112 114
415 1.0 37 42 46 66
416 1.0 37 42 46 75
417 1.0 37 42 58 75
418 1.0 37 42 58 116
419 1.0 37 42 66 116
420 1.0 37 52 58 116
421 1.0 37 52 86 116
422 1.0 37 66 86 116
423 1.0 38 77 85 93
424 1.0 38 77 93 111
425 1.0 39 46 82 83
426 1.0 39 46 83 98
427 1.0 39 81 83 98
428 1.0 39 81 96 98
429 1.0 40 45 53 78
430 1.0 40 45 57 78
431 1.0 40 53 78 87
432 1.0 40 53 87 115
433 1.0 40 57 78 114
434 1.0 40 78 87 114
435 1.0 40 87 112 114
436 1.0 40 87 112 115
437 1.0 41 42 51 116
438 1.0 41 42 58 116
439 1.0 41 48 67 71
440 1.0 41 48 71 89
441 1.0 41 51 71 89
442 1.0 41 51 71 116
443 1.0 41 58 67 116
444 1.0 41 67 71 116
445 1.0 42 46 66 79
446 1.0 42 46 75 77
447 1.0 42 46 77 79
448 1.0 42 51 66 79
449 1.0 42 51 66 116
450 1.0 43 52 67 106
451 1.0 43 52 67 116
452 1.0 43 52 86 104
453 1.0 43 52 86 116
454 1.0 43 52 104 106
455 1.0 43 61 104 106
456 1.0 43 61 105 106
457 1.0 43 67 71 105
458 1.0 43 67 71 116
459 1.0 43 67 105 106
460 1.0 44 45 63 69
461 1.0 44 45 69 73
462 1.0 44 65 69 73
463 1.0 44 65 72 73
464 1.0 44 65 72 119
465 1.0 45 53 54 63
466 1.0 45 53 54 78
467 1.0 45 54 63 69
468 1.0 45 54 69 97
469 1.0 45 54 78 97
470 1.0 45 57 73 97
471 1.0 45 57 78 97
472 1.0 45 69 73 97
473 1.0 46 66 79 98
474 1.0 46 75 77 82
475 1.0 46 77 79 83
476 1.0 46 77 82 83
477 1.0 46 79 83 98
478 1.0 47 49 70 95
479 1.0 47 49 95 109
480 1.0 47 70 81 95
481 1.0 47 70 81 119
482 1.0 47 81 84 101
483 1.0 47 81 84 119
484 1.0 47 81 95 101
485 1.0 47 84 101 110
486 1.0 47 95 101 109
487 1.0 47 101 109 110
488 1.0 48 67 71 105
489 1.0 48 67 88 105
490 1.0 48 71 89 92
491 1.0 48 71 92 105
492 1.0 48 88 100 105
493 1.0 48 89 92 103
494 1.0 48 92 100 103
495 1.0 48 92 100 105
496 1.0 49 91 95 109
497 1.0 49 91 109 118
498 1.0 50 54 60 62
499 1.0 50 54 60 68
500 1.0 50 59 60 68
501 1.0 50 59 60 100
502 1.0 50 59 68 117
503 1.0 50 59 100 103
504 1.0 50 59 103 117
505 1.0 50 60 62 100
506 1.0 52 58 67 107
507 1.0 52 58 67 116
508 1.0 52 67 106 107
509 1.0 52 74 104 106
510 1.0 52 74 106 107
511 1.0 54 60 62 97
512 1.0 54 60 68 69
513 1.0 54 60 69 97
514 1.0 54 62 78 97
515 1.0 54 63 68 69
516 1.0 55 85 91 109
517 1.0 55 89 91 118
518 1.0 55 89 103 118
519 1.0 55 91 109 118
520 1.0 55 103 117 118
521 1.0 55 109 117 118
522 1.0 56 60 69 97
523 1.0 56 60 76 97
524 1.0 56 61 76 90
525 1.0 56 61 90 113
526 1.0 56 65 69 73
527 1.0 56 65 73 113
528 1.0 56 69 73 97
529 1.0 56 73 90 97
530 1.0 56 73 90 113
531 1.0 56 76 90 97
532 1.0 57 73 90 97
533 1.0 57 74 90 102
534 1.0 57 74 102 114
535 1.0 57 78 97 102
536 1.0 57 78 102 114
537 1.0 57 90 97 102
538 1.0 59 92 100 103
539 1.0 59 92 103 118
540 1.0 59 103 117 118
541 1.0 60 62 76 97
542 1.0 60 62 76 100
543 1.0 61 76 90 106
544 1.0 61 76 105 106
545 1.0 61 90 104 106
546 1.0 61 90 104 113
547 1.0 62 76 88 100
548 1.0 62 76 88 102
549 1.0 62 76 97 102
550 1.0 62 78 97 102
551 1.0 63 84 94 110
552 1.0 64 70 96 98
553 1.0 64 70 96 99
554 1.0 64 96 99 108
555 1.0 65 72 73 113
556 1.0 65 72 99 113
557 1.0 65 72 99 119
558 1.0 67 88 105 106
559 1.0 67 88 106 107
560 1.0 70 81 95 98
561 1.0 70 81 96 98
562 1.0 70 81 96 119
563 1.0 70 96 99 119
564 1.0 72 96 99 108
565 1.0 72 96 99 119
566 1.0 72 99 108 113
567 1.0 74 90 102 106
568 1.0 74 90 104 106
569 1.0 74 102 106 107
570 1.0 74 102 107 114
571 1.0 75 77 82 111
572 1.0 75 80 111 112
573 1.0 75 82 111 112
574 1.0 76 88 100 105
575 1.0 76 88 102 106
576 1.0 76 88 105 106
577 1.0 76 90 97 102
578 1.0 76 90 102 106
579 1.0 77 79 83 85
580 1.0 77 82 83 93
581 1.0 77 82 93 111
582 1.0 77 83 85 93
583 1.0 79 83 85 95
584 1.0 79 83 95 98
585 1.0 79 85 91 95
586 1.0 80 87 111 112
587 1.0 80 87 112 114
588 1.0 81 83 95 98
589 1.0 81 83 95 101
590 1.0 82 93 111 115
591 1.0 82 111 112 115
592 1.0 83 85 93 101
593 1.0 83 85 95 101
594 1.0 84 94 101 110
595 1.0 85 91 95 109
596 1.0 85 95 101 109
597 1.0 87 111 112 115
598 1.0 88 102 106 107
599 1.0 89 92 103 118
end_cells
