0 +1 +1.000000000000000000 +0.000000000000000000 +0.000000000000000000 +0.000000000000000000
1 +1 +0.500000000000000000 +0.000000000000000000 +0.000000000000000000 +0.866025403784438597
2 +1 +0.000000000000000000 +0.816496580927726034 +0.000000000000000000 +0.577350269189625731
3 -1 +0.000000000000000000 +0.000000000000000000 +1.000000000000000000 +0.000000000000000000
4 +1 +0.500000000000000000 +0.000000000000000000 +0.000000000000000000 -0.866025403784438597
5 +1 +0.500000000000000000 -0.408248290463863017 -0.707106781186547573 -0.288675134594812866
6 -1 +0.000000000000000000 +0.866025403784438597 -0.500000000000000000 +0.000000000000000000
7 +1 +0.500000000000000000 -0.408248290463863017 +0.707106781186547573 -0.288675134594812866
8 -1 +0.000000000000000000 +0.577350269189625731 +0.000000000000000000 -0.816496580927726034
9 -1 +0.000000000000000000 +0.866025403784438597 +0.500000000000000000 +0.000000000000000000
10 +1 +0.500000000000000000 +0.408248290463863017 -0.707106781186547573 +0.288675134594812866
11 +1 +0.500000000000000000 -0.816496580927726034 +0.000000000000000000 +0.288675134594812866
12 -1 +0.707106781186547573 +0.288675134594812866 +0.500000000000000000 -0.408248290463863017
13 +1 +0.500000000000000000 +0.408248290463863017 +0.707106781186547573 +0.288675134594812866
14 +1 +0.500000000000000000 +0.816496580927726034 +0.000000000000000000 -0.288675134594812866
15 -1 +0.707106781186547573 -0.288675134594812866 -0.500000000000000000 +0.408248290463863017
16 -1 +0.707106781186547573 +0.288675134594812866 -0.500000000000000000 -0.408248290463863017
17 -1 +0.707106781186547573 -0.288675134594812866 +0.500000000000000000 +0.408248290463863017
18 +1 +0.000000000000000000 +0.408248290463863017 +0.707106781186547573 -0.577350269189625731
19 +1 +0.000000000000000000 +0.408248290463863017 -0.707106781186547573 -0.577350269189625731
20 -1 +0.000000000000000000 +0.288675134594812866 -0.500000000000000000 +0.816496580927726034
21 -1 +0.707106781186547573 +0.577350269189625731 +0.000000000000000000 +0.408248290463863017
22 -1 +0.000000000000000000 +0.288675134594812866 +0.500000000000000000 +0.816496580927726034
23 -1 +0.707106781186547573 -0.577350269189625731 +0.000000000000000000 -0.408248290463863017
