0 +1 +1.000000000000000000 +0.000000000000000000 +0.000000000000000000 +0.000000000000000000
1 +1 +0.809016994374947451 +0.000000000000000000 +0.000000000000000000 +0.587785252292473137
2 -1 +0.500000000000000000 +0.425325404176019939 +0.309016994374947451 +0.688190960235586791
3 +1 +0.309016994374947451 +0.000000000000000000 +0.000000000000000000 +0.951056516295153531
4 -1 +0.000000000000000000 +0.162459848116453170 +0.500000000000000000 +0.850650808352039878
5 -1 +0.000000000000000000 +0.525731112119133592 +0.000000000000000000 +0.850650808352039878
6 +1 +0.500000000000000000 -0.425325404176019939 -0.309016994374947451 -0.688190960235586791
7 +1 +0.309016994374947451 +0.000000000000000000 +0.000000000000000000 -0.951056516295153531
8 -1 +0.500000000000000000 +0.162459848116453170 -0.500000000000000000 -0.688190960235586791
9 -1 +0.500000000000000000 -0.425325404176019939 -0.309016994374947451 -0.688190960235586791
10 +1 +0.809016994374947451 -0.162459848116453170 -0.500000000000000000 -0.262865556059566796
11 -1 +0.500000000000000000 -0.425325404176019939 +0.309016994374947451 -0.688190960235586791
12 +1 +0.809016994374947451 +0.000000000000000000 +0.000000000000000000 -0.587785252292473137
13 +1 +0.809016994374947451 -0.525731112119133592 +0.000000000000000000 -0.262865556059566796
14 -1 +1.000000000000000000 +0.000000000000000000 +0.000000000000000000 +0.000000000000000000
15 -1 +0.809016994374947451 +0.425325404176019939 -0.309016994374947451 -0.262865556059566796
16 -1 +0.809016994374947451 -0.162459848116453170 -0.500000000000000000 -0.262865556059566796
17 +1 +0.809016994374947451 +0.162459848116453170 -0.500000000000000000 +0.262865556059566796
18 -1 +0.809016994374947451 -0.525731112119133592 +0.000000000000000000 -0.262865556059566796
19 +1 +0.809016994374947451 -0.425325404176019939 -0.309016994374947451 +0.262865556059566796
20 -1 +0.809016994374947451 +0.000000000000000000 +0.000000000000000000 +0.587785252292473137
21 -1 +0.809016994374947451 -0.162459848116453170 +0.500000000000000000 -0.262865556059566796
22 +1 +0.809016994374947451 +0.425325404176019939 +0.309016994374947451 -0.262865556059566796
23 -1 +0.809016994374947451 +0.525731112119133592 +0.000000000000000000 +0.262865556059566796
24 +1 +0.809016994374947451 -0.425325404176019939 +0.309016994374947451 +0.262865556059566796
25 -1 +0.809016994374947451 +0.162459848116453170 +0.500000000000000000 +0.262865556059566796
26 +1 +0.500000000000000000 +0.425325404176019939 +0.309016994374947451 +0.688190960235586791
27 -1 +0.809016994374947451 +0.162459848116453170 -0.500000000000000000 +0.262865556059566796
28 +1 +0.500000000000000000 +0.425325404176019939 -0.309016994374947451 +0.688190960235586791
29 -1 +0.809016994374947451 -0.425325404176019939 -0.309016994374947451 +0.262865556059566796
30 +1 +0.500000000000000000 -0.162459848116453170 -0.500000000000000000 +0.688190960235586791
31 -1 +0.309016994374947451 +0.000000000000000000 +0.000000000000000000 +0.951056516295153531
32 -1 +0.809016994374947451 -0.425325404176019939 +0.309016994374947451 +0.262865556059566796
33 +1 +0.809016994374947451 +0.162459848116453170 +0.500000000000000000 +0.262865556059566796
34 +1 +0.500000000000000000 -0.525731112119133592 +0.000000000000000000 +0.688190960235586791
35 -1 +0.500000000000000000 -0.162459848116453170 +0.500000000000000000 +0.688190960235586791
36 +1 +0.000000000000000000 +0.162459848116453170 +0.500000000000000000 +0.850650808352039878
37 +1 +0.500000000000000000 +0.688190960235586791 +0.500000000000000000 +0.162459848116453170
38 +1 +0.809016994374947451 +0.525731112119133592 +0.000000000000000000 +0.262865556059566796
39 -1 +0.309016994374947451 +0.850650808352039878 +0.000000000000000000 +0.425325404176019939
40 -1 +0.500000000000000000 +0.425325404176019939 -0.309016994374947451 +0.688190960235586791
41 +1 +0.000000000000000000 +0.525731112119133592 +0.000000000000000000 +0.850650808352039878
42 +1 +0.500000000000000000 -0.162459848116453170 +0.500000000000000000 +0.688190960235586791
43 -1 +0.309016994374947451 +0.262865556059566796 +0.809016994374947451 +0.425325404176019939
44 +1 +0.000000000000000000 +0.688190960235586791 +0.500000000000000000 +0.525731112119133592
45 -1 +0.500000000000000000 -0.162459848116453170 -0.500000000000000000 +0.688190960235586791
46 +1 +0.000000000000000000 +0.162459848116453170 -0.500000000000000000 +0.850650808352039878
47 -1 +0.309016994374947451 +0.000000000000000000 +0.000000000000000000 -0.951056516295153531
48 -1 +0.500000000000000000 -0.525731112119133592 +0.000000000000000000 +0.688190960235586791
49 +1 +0.000000000000000000 +0.425325404176019939 +0.309016994374947451 -0.850650808352039878
50 -1 +0.000000000000000000 +0.425325404176019939 -0.309016994374947451 -0.850650808352039878
51 +1 +0.500000000000000000 +0.162459848116453170 -0.500000000000000000 -0.688190960235586791
52 +1 +0.309016994374947451 +0.262865556059566796 +0.809016994374947451 +0.425325404176019939
53 -1 +0.000000000000000000 +0.688190960235586791 +0.500000000000000000 +0.525731112119133592
54 +1 +0.000000000000000000 +0.425325404176019939 -0.309016994374947451 -0.850650808352039878
55 -1 +0.000000000000000000 +0.262865556059566796 -0.809016994374947451 -0.525731112119133592
56 +1 +0.309016994374947451 -0.262865556059566796 -0.809016994374947451 -0.425325404176019939
57 +1 +0.309016994374947451 +0.850650808352039878 +0.000000000000000000 +0.425325404176019939
58 -1 +0.309016994374947451 -0.850650808352039878 +0.000000000000000000 -0.425325404176019939
59 -1 +0.000000000000000000 +0.688190960235586791 -0.500000000000000000 +0.525731112119133592
60 +1 +0.500000000000000000 -0.425325404176019939 +0.309016994374947451 -0.688190960235586791
61 -1 +0.000000000000000000 +0.162459848116453170 -0.500000000000000000 +0.850650808352039878
62 -1 +0.809016994374947451 +0.000000000000000000 +0.000000000000000000 -0.587785252292473137
63 -1 +0.309016994374947451 -0.262865556059566796 -0.809016994374947451 -0.425325404176019939
64 +1 +0.500000000000000000 -0.688190960235586791 -0.500000000000000000 -0.162459848116453170
65 +1 +0.309016994374947451 -0.850650808352039878 +0.000000000000000000 -0.425325404176019939
66 -1 +0.000000000000000000 +0.425325404176019939 +0.309016994374947451 -0.850650808352039878
67 +1 +0.500000000000000000 +0.162459848116453170 +0.500000000000000000 -0.688190960235586791
68 -1 +0.500000000000000000 +0.525731112119133592 +0.000000000000000000 -0.688190960235586791
69 +1 +0.809016994374947451 +0.425325404176019939 -0.309016994374947451 -0.262865556059566796
70 +1 +0.000000000000000000 +0.262865556059566796 -0.809016994374947451 -0.525731112119133592
71 +1 +0.500000000000000000 +0.525731112119133592 +0.000000000000000000 -0.688190960235586791
72 -1 +0.309016994374947451 +0.688190960235586791 -0.500000000000000000 -0.425325404176019939
73 +1 +0.500000000000000000 +0.262865556059566796 -0.809016994374947451 -0.162459848116453170
74 -1 +0.500000000000000000 -0.688190960235586791 -0.500000000000000000 -0.162459848116453170
75 -1 +0.500000000000000000 +0.262865556059566796 -0.809016994374947451 -0.162459848116453170
76 +1 +0.500000000000000000 -0.262865556059566796 -0.809016994374947451 +0.162459848116453170
77 +1 +0.000000000000000000 +0.688190960235586791 -0.500000000000000000 +0.525731112119133592
78 -1 +0.500000000000000000 -0.688190960235586791 +0.500000000000000000 -0.162459848116453170
79 +1 +0.809016994374947451 -0.162459848116453170 +0.500000000000000000 -0.262865556059566796
80 -1 +0.309016994374947451 -0.262865556059566796 +0.809016994374947451 -0.425325404176019939
81 -1 +0.809016994374947451 +0.425325404176019939 +0.309016994374947451 -0.262865556059566796
82 -1 +0.500000000000000000 +0.162459848116453170 +0.500000000000000000 -0.688190960235586791
83 +1 +0.500000000000000000 -0.850650808352039878 +0.000000000000000000 +0.162459848116453170
84 +1 +0.500000000000000000 -0.688190960235586791 +0.500000000000000000 -0.162459848116453170
85 +1 +0.309016994374947451 +0.688190960235586791 -0.500000000000000000 -0.425325404176019939
86 -1 +0.500000000000000000 +0.850650808352039878 +0.000000000000000000 -0.162459848116453170
87 +1 +0.500000000000000000 +0.688190960235586791 -0.500000000000000000 +0.162459848116453170
88 -1 +0.500000000000000000 -0.262865556059566796 -0.809016994374947451 +0.162459848116453170
89 -1 +0.500000000000000000 +0.688190960235586791 -0.500000000000000000 +0.162459848116453170
90 +1 +0.309016994374947451 +0.262865556059566796 -0.809016994374947451 +0.425325404176019939
91 -1 +0.500000000000000000 -0.850650808352039878 +0.000000000000000000 +0.162459848116453170
92 +1 +0.309016994374947451 -0.688190960235586791 -0.500000000000000000 +0.425325404176019939
93 +1 +0.309016994374947451 -0.262865556059566796 +0.809016994374947451 -0.425325404176019939
94 -1 +0.500000000000000000 -0.262865556059566796 +0.809016994374947451 +0.162459848116453170
95 +1 +0.500000000000000000 +0.262865556059566796 +0.809016994374947451 -0.162459848116453170
96 -1 +0.500000000000000000 +0.688190960235586791 +0.500000000000000000 +0.162459848116453170
97 -1 +0.500000000000000000 +0.262865556059566796 +0.809016994374947451 -0.162459848116453170
98 +1 +0.309016994374947451 +0.688190960235586791 +0.500000000000000000 -0.425325404176019939
99 +1 +0.500000000000000000 +0.850650808352039878 +0.000000000000000000 -0.162459848116453170
100 +1 +0.309016994374947451 -0.688190960235586791 +0.500000000000000000 +0.425325404176019939
101 +1 +0.500000000000000000 -0.262865556059566796 +0.809016994374947451 +0.162459848116453170
102 -1 +0.309016994374947451 +0.262865556059566796 -0.809016994374947451 +0.425325404176019939
103 -1 +0.309016994374947451 -0.688190960235586791 -0.500000000000000000 +0.425325404176019939
104 +1 +0.000000000000000000 +0.262865556059566796 +0.809016994374947451 -0.525731112119133592
105 -1 +0.309016994374947451 -0.688190960235586791 +0.500000000000000000 +0.425325404176019939
106 +1 +0.000000000000000000 +0.850650808352039878 +0.000000000000000000 -0.525731112119133592
107 -1 +0.309016994374947451 +0.688190960235586791 +0.500000000000000000 -0.425325404176019939
108 +1 +0.000000000000000000 +0.587785252292473137 +0.809016994374947451 +0.000000000000000000
109 -1 +0.000000000000000000 +0.951056516295153531 +0.309016994374947451 +0.000000000000000000
110 +1 +0.000000000000000000 +0.951056516295153531 +0.309016994374947451 +0.000000000000000000
111 -1 +0.000000000000000000 +0.951056516295153531 -0.309016994374947451 +0.000000000000000000
112 -1 +0.000000000000000000 +0.000000000000000000 +1.000000000000000000 +0.000000000000000000
113 -1 +0.000000000000000000 +0.587785252292473137 +0.809016994374947451 +0.000000000000000000
114 -1 +0.000000000000000000 +0.262865556059566796 +0.809016994374947451 -0.525731112119133592
115 -1 +0.000000000000000000 +0.850650808352039878 +0.000000000000000000 -0.525731112119133592
116 +1 +0.000000000000000000 +0.000000000000000000 +1.000000000000000000 +0.000000000000000000
117 -1 +0.000000000000000000 +0.587785252292473137 -0.809016994374947451 +0.000000000000000000
118 +1 +0.000000000000000000 +0.951056516295153531 -0.309016994374947451 +0.000000000000000000
119 +1 +0.000000000000000000 +0.587785252292473137 -0.809016994374947451 +0.000000000000000000
