0 +1 +1.000000000000000000 +0.000000000000000000 +0.000000000000000000 +0.000000000000000000 +1.000000000000000000 +0.000000000000000000 +0.000000000000000000 +0.000000000000000000
1 -1 +0.000000000000000000 +0.000000000000000000 +0.707106781186547573 +0.707106781186547573 +0.000000000000000000 +0.000000000000000000 -0.707106781186547573 -0.707106781186547573
2 +1 +0.309016994374947451 -0.500000000000000000 -0.809016994374947451 +0.000000000000000000 -0.809016994374947451 +0.500000000000000000 -0.309016994374947451 +0.000000000000000000
3 -1 +0.218508012224410547 +0.218508012224410547 +0.925614793410958092 +0.218508012224410547 -0.572061402817684250 +0.572061402817684250 -0.135045378368863239 +0.572061402817684250
4 -1 +0.572061402817684250 -0.572061402817684250 +0.572061402817684250 -0.135045378368863239 -0.218508012224410547 -0.218508012224410547 +0.218508012224410547 +0.925614793410958092
5 +1 +0.809016994374947451 +0.309016994374947451 +0.500000000000000000 +0.000000000000000000 -0.309016994374947451 +0.809016994374947451 -0.500000000000000000 +0.000000000000000000
6 +1 +0.809016994374947451 -0.500000000000000000 +0.000000000000000000 -0.309016994374947451 -0.309016994374947451 +0.500000000000000000 +0.000000000000000000 -0.809016994374947451
7 -1 +0.353553390593273786 +0.353553390593273786 +0.790569415042094881 -0.353553390593273786 +0.353553390593273786 -0.353553390593273786 +0.790569415042094881 +0.353553390593273786
8 -1 +0.925614793410958092 -0.218508012224410547 +0.218508012224410547 -0.218508012224410547 +0.135045378368863239 -0.572061402817684250 +0.572061402817684250 -0.572061402817684250
9 -1 +0.353553390593273786 -0.353553390593273786 -0.353553390593273786 -0.790569415042094881 +0.353553390593273786 +0.353553390593273786 +0.353553390593273786 -0.790569415042094881
10 +1 +0.809016994374947451 -0.309016994374947451 -0.500000000000000000 +0.000000000000000000 -0.309016994374947451 -0.809016994374947451 +0.500000000000000000 +0.000000000000000000
11 +1 +0.000000000000000000 +0.809016994374947451 +0.500000000000000000 -0.309016994374947451 +0.000000000000000000 +0.309016994374947451 -0.500000000000000000 -0.809016994374947451
12 +1 +0.309016994374947451 -0.809016994374947451 +0.000000000000000000 -0.500000000000000000 -0.809016994374947451 -0.309016994374947451 +0.000000000000000000 +0.500000000000000000
13 -1 +0.353553390593273786 +0.353553390593273786 +0.353553390593273786 -0.790569415042094881 +0.353553390593273786 -0.353553390593273786 -0.353553390593273786 -0.790569415042094881
14 +1 +0.000000000000000000 +0.309016994374947451 +0.809016994374947451 +0.500000000000000000 +0.000000000000000000 +0.809016994374947451 +0.309016994374947451 -0.500000000000000000
15 -1 +0.925614793410958092 +0.218508012224410547 -0.218508012224410547 -0.218508012224410547 +0.135045378368863239 +0.572061402817684250 -0.572061402817684250 -0.572061402817684250
16 -1 +0.353553390593273786 -0.353553390593273786 -0.790569415042094881 -0.353553390593273786 +0.353553390593273786 +0.353553390593273786 -0.790569415042094881 +0.353553390593273786
17 -1 +0.353553390593273786 -0.353553390593273786 +0.790569415042094881 +0.353553390593273786 +0.353553390593273786 +0.353553390593273786 +0.790569415042094881 -0.353553390593273786
18 +1 +0.309016994374947451 +0.500000000000000000 +0.809016994374947451 +0.000000000000000000 -0.809016994374947451 -0.500000000000000000 +0.309016994374947451 +0.000000000000000000
19 -1 +0.135045378368863239 -0.572061402817684250 +0.572061402817684250 -0.572061402817684250 +0.925614793410958092 -0.218508012224410547 +0.218508012224410547 -0.218508012224410547
20 +1 +0.809016994374947451 +0.000000000000000000 +0.309016994374947451 -0.500000000000000000 -0.309016994374947451 +0.000000000000000000 +0.809016994374947451 +0.500000000000000000
21 +1 +0.309016994374947451 +0.809016994374947451 +0.000000000000000000 -0.500000000000000000 -0.809016994374947451 +0.309016994374947451 +0.000000000000000000 +0.500000000000000000
22 +1 +0.309016994374947451 +0.809016994374947451 +0.000000000000000000 +0.500000000000000000 -0.809016994374947451 +0.309016994374947451 +0.000000000000000000 -0.500000000000000000
23 -1 +0.218508012224410547 +0.218508012224410547 -0.218508012224410547 -0.925614793410958092 -0.572061402817684250 +0.572061402817684250 -0.572061402817684250 +0.135045378368863239
24 +1 +0.809016994374947451 +0.500000000000000000 +0.000000000000000000 +0.309016994374947451 -0.309016994374947451 -0.500000000000000000 +0.000000000000000000 +0.809016994374947451
25 +1 +0.309016994374947451 +0.000000000000000000 +0.500000000000000000 +0.809016994374947451 -0.809016994374947451 +0.000000000000000000 -0.500000000000000000 +0.309016994374947451
26 -1 +0.572061402817684250 +0.572061402817684250 -0.572061402817684250 -0.135045378368863239 -0.218508012224410547 +0.218508012224410547 -0.218508012224410547 +0.925614793410958092
27 +1 +0.809016994374947451 -0.309016994374947451 +0.500000000000000000 +0.000000000000000000 -0.309016994374947451 -0.809016994374947451 -0.500000000000000000 +0.000000000000000000
28 -1 +0.218508012224410547 -0.218508012224410547 -0.925614793410958092 +0.218508012224410547 -0.572061402817684250 -0.572061402817684250 +0.135045378368863239 +0.572061402817684250
29 -1 +0.707106781186547573 +0.000000000000000000 +0.707106781186547573 +0.000000000000000000 +0.707106781186547573 +0.000000000000000000 -0.707106781186547573 +0.000000000000000000
30 -1 +0.572061402817684250 -0.572061402817684250 +0.135045378368863239 -0.572061402817684250 -0.218508012224410547 -0.218508012224410547 -0.925614793410958092 -0.218508012224410547
31 -1 +0.135045378368863239 +0.572061402817684250 +0.572061402817684250 +0.572061402817684250 +0.925614793410958092 +0.218508012224410547 +0.218508012224410547 +0.218508012224410547
32 +1 +0.500000000000000000 -0.809016994374947451 -0.309016994374947451 +0.000000000000000000 +0.500000000000000000 -0.309016994374947451 -0.809016994374947451 +0.000000000000000000
33 -1 +0.353553390593273786 +0.353553390593273786 -0.353553390593273786 +0.790569415042094881 +0.353553390593273786 -0.353553390593273786 +0.353553390593273786 +0.790569415042094881
34 +1 +0.500000000000000000 -0.309016994374947451 +0.000000000000000000 -0.809016994374947451 +0.500000000000000000 -0.809016994374947451 +0.000000000000000000 -0.309016994374947451
35 +1 +0.500000000000000000 +0.500000000000000000 -0.500000000000000000 -0.500000000000000000 +0.500000000000000000 -0.500000000000000000 +0.500000000000000000 +0.500000000000000000
36 +1 +0.500000000000000000 +0.000000000000000000 -0.809016994374947451 -0.309016994374947451 +0.500000000000000000 +0.000000000000000000 -0.309016994374947451 -0.809016994374947451
37 +1 +0.500000000000000000 +0.500000000000000000 -0.500000000000000000 +0.500000000000000000 +0.500000000000000000 -0.500000000000000000 +0.500000000000000000 -0.500000000000000000
38 +1 +0.500000000000000000 -0.309016994374947451 +0.000000000000000000 +0.809016994374947451 +0.500000000000000000 -0.809016994374947451 +0.000000000000000000 +0.309016994374947451
39 -1 +0.000000000000000000 +0.707106781186547573 -0.707106781186547573 +0.000000000000000000 +0.000000000000000000 -0.707106781186547573 +0.707106781186547573 +0.000000000000000000
40 +1 +0.500000000000000000 -0.500000000000000000 -0.500000000000000000 +0.500000000000000000 +0.500000000000000000 +0.500000000000000000 +0.500000000000000000 -0.500000000000000000
41 +1 +0.500000000000000000 -0.809016994374947451 +0.309016994374947451 +0.000000000000000000 +0.500000000000000000 -0.309016994374947451 +0.809016994374947451 +0.000000000000000000
42 -1 +0.000000000000000000 +0.000000000000000000 +0.707106781186547573 -0.707106781186547573 +0.000000000000000000 +0.000000000000000000 -0.707106781186547573 +0.707106781186547573
43 +1 +0.500000000000000000 -0.500000000000000000 -0.500000000000000000 -0.500000000000000000 +0.500000000000000000 +0.500000000000000000 +0.500000000000000000 +0.500000000000000000
44 -1 +0.790569415042094881 +0.353553390593273786 +0.353553390593273786 -0.353553390593273786 -0.790569415042094881 -0.353553390593273786 -0.353553390593273786 +0.353553390593273786
45 -1 +0.790569415042094881 -0.353553390593273786 -0.353553390593273786 -0.353553390593273786 -0.790569415042094881 +0.353553390593273786 +0.353553390593273786 +0.353553390593273786
46 -1 +0.000000000000000000 +0.707106781186547573 +0.707106781186547573 +0.000000000000000000 +0.000000000000000000 -0.707106781186547573 -0.707106781186547573 +0.000000000000000000
47 -1 +0.218508012224410547 -0.218508012224410547 +0.925614793410958092 -0.218508012224410547 -0.572061402817684250 -0.572061402817684250 -0.135045378368863239 -0.572061402817684250
48 +1 +0.500000000000000000 +0.500000000000000000 +0.500000000000000000 -0.500000000000000000 +0.500000000000000000 -0.500000000000000000 -0.500000000000000000 +0.500000000000000000
49 -1 +0.000000000000000000 +0.707106781186547573 +0.000000000000000000 +0.707106781186547573 +0.000000000000000000 -0.707106781186547573 +0.000000000000000000 -0.707106781186547573
50 -1 +0.572061402817684250 +0.572061402817684250 +0.572061402817684250 +0.135045378368863239 -0.218508012224410547 +0.218508012224410547 +0.218508012224410547 -0.925614793410958092
51 +1 +0.000000000000000000 +1.000000000000000000 +0.000000000000000000 +0.000000000000000000 +0.000000000000000000 -1.000000000000000000 +0.000000000000000000 +0.000000000000000000
52 -1 +0.707106781186547573 +0.000000000000000000 +0.000000000000000000 +0.707106781186547573 +0.707106781186547573 +0.000000000000000000 +0.000000000000000000 -0.707106781186547573
53 +1 +0.000000000000000000 +0.500000000000000000 +0.309016994374947451 +0.809016994374947451 +0.000000000000000000 -0.500000000000000000 +0.809016994374947451 +0.309016994374947451
54 -1 +0.790569415042094881 -0.353553390593273786 +0.353553390593273786 +0.353553390593273786 -0.790569415042094881 +0.353553390593273786 -0.353553390593273786 -0.353553390593273786
55 +1 +0.500000000000000000 +0.500000000000000000 +0.500000000000000000 +0.500000000000000000 +0.500000000000000000 -0.500000000000000000 -0.500000000000000000 -0.500000000000000000
56 -1 +0.000000000000000000 +0.707106781186547573 +0.000000000000000000 -0.707106781186547573 +0.000000000000000000 -0.707106781186547573 +0.000000000000000000 +0.707106781186547573
57 +1 +0.000000000000000000 +0.309016994374947451 -0.809016994374947451 -0.500000000000000000 +0.000000000000000000 +0.809016994374947451 -0.309016994374947451 +0.500000000000000000
58 +1 +0.000000000000000000 +0.309016994374947451 -0.809016994374947451 +0.500000000000000000 +0.000000000000000000 +0.809016994374947451 -0.309016994374947451 -0.500000000000000000
59 +1 +0.500000000000000000 +0.000000000000000000 +0.809016994374947451 -0.309016994374947451 +0.500000000000000000 +0.000000000000000000 +0.309016994374947451 -0.809016994374947451
60 +1 +0.000000000000000000 +0.500000000000000000 +0.309016994374947451 -0.809016994374947451 +0.000000000000000000 -0.500000000000000000 +0.809016994374947451 -0.309016994374947451
61 -1 +0.218508012224410547 -0.218508012224410547 +0.218508012224410547 -0.925614793410958092 -0.572061402817684250 -0.572061402817684250 +0.572061402817684250 +0.135045378368863239
62 +1 +0.500000000000000000 +0.809016994374947451 +0.309016994374947451 +0.000000000000000000 +0.500000000000000000 +0.309016994374947451 +0.809016994374947451 +0.000000000000000000
63 -1 +0.572061402817684250 +0.572061402817684250 -0.135045378368863239 -0.572061402817684250 -0.218508012224410547 +0.218508012224410547 +0.925614793410958092 -0.218508012224410547
64 +1 +0.500000000000000000 +0.000000000000000000 +0.809016994374947451 +0.309016994374947451 +0.500000000000000000 +0.000000000000000000 +0.309016994374947451 +0.809016994374947451
65 -1 +0.707106781186547573 +0.000000000000000000 -0.707106781186547573 +0.000000000000000000 +0.707106781186547573 +0.000000000000000000 +0.707106781186547573 +0.000000000000000000
66 +1 +0.500000000000000000 -0.500000000000000000 +0.500000000000000000 -0.500000000000000000 +0.500000000000000000 +0.500000000000000000 -0.500000000000000000 +0.500000000000000000
67 -1 +0.135045378368863239 -0.572061402817684250 -0.572061402817684250 +0.572061402817684250 +0.925614793410958092 -0.218508012224410547 -0.218508012224410547 +0.218508012224410547
68 -1 +0.572061402817684250 -0.135045378368863239 +0.572061402817684250 -0.572061402817684250 -0.218508012224410547 +0.925614793410958092 +0.218508012224410547 -0.218508012224410547
69 -1 +0.353553390593273786 -0.790569415042094881 -0.353553390593273786 -0.353553390593273786 +0.353553390593273786 -0.790569415042094881 +0.353553390593273786 +0.353553390593273786
70 -1 +0.353553390593273786 +0.790569415042094881 +0.353553390593273786 -0.353553390593273786 +0.353553390593273786 +0.790569415042094881 -0.353553390593273786 +0.353553390593273786
71 +1 +0.500000000000000000 +0.309016994374947451 +0.000000000000000000 -0.809016994374947451 +0.500000000000000000 +0.809016994374947451 +0.000000000000000000 -0.309016994374947451
72 -1 +0.572061402817684250 +0.572061402817684250 +0.135045378368863239 +0.572061402817684250 -0.218508012224410547 +0.218508012224410547 -0.925614793410958092 +0.218508012224410547
73 +1 +0.500000000000000000 +0.809016994374947451 -0.309016994374947451 +0.000000000000000000 +0.500000000000000000 +0.309016994374947451 -0.809016994374947451 +0.000000000000000000
74 -1 +0.925614793410958092 +0.218508012224410547 +0.218508012224410547 +0.218508012224410547 +0.135045378368863239 +0.572061402817684250 +0.572061402817684250 +0.572061402817684250
75 -1 +0.707106781186547573 +0.000000000000000000 +0.000000000000000000 -0.707106781186547573 +0.707106781186547573 +0.000000000000000000 +0.000000000000000000 +0.707106781186547573
76 +1 +0.809016994374947451 +0.309016994374947451 -0.500000000000000000 +0.000000000000000000 -0.309016994374947451 +0.809016994374947451 +0.500000000000000000 +0.000000000000000000
77 -1 +0.353553390593273786 -0.353553390593273786 +0.353553390593273786 +0.790569415042094881 +0.353553390593273786 +0.353553390593273786 -0.353553390593273786 +0.790569415042094881
78 -1 +0.925614793410958092 -0.218508012224410547 -0.218508012224410547 +0.218508012224410547 +0.135045378368863239 -0.572061402817684250 -0.572061402817684250 +0.572061402817684250
79 +1 +0.500000000000000000 +0.309016994374947451 +0.000000000000000000 +0.809016994374947451 +0.500000000000000000 +0.809016994374947451 +0.000000000000000000 +0.309016994374947451
80 -1 +0.218508012224410547 -0.925614793410958092 -0.218508012224410547 +0.218508012224410547 -0.572061402817684250 +0.135045378368863239 -0.572061402817684250 +0.572061402817684250
81 +1 +0.500000000000000000 -0.500000000000000000 +0.500000000000000000 +0.500000000000000000 +0.500000000000000000 +0.500000000000000000 -0.500000000000000000 -0.500000000000000000
82 +1 +0.809016994374947451 -0.500000000000000000 +0.000000000000000000 +0.309016994374947451 -0.309016994374947451 +0.500000000000000000 +0.000000000000000000 +0.809016994374947451
83 -1 +0.353553390593273786 +0.790569415042094881 -0.353553390593273786 +0.353553390593273786 +0.353553390593273786 +0.790569415042094881 +0.353553390593273786 -0.353553390593273786
84 +1 +0.809016994374947451 +0.000000000000000000 -0.309016994374947451 -0.500000000000000000 -0.309016994374947451 +0.000000000000000000 -0.809016994374947451 +0.500000000000000000
85 -1 +0.135045378368863239 +0.572061402817684250 -0.572061402817684250 -0.572061402817684250 +0.925614793410958092 +0.218508012224410547 -0.218508012224410547 -0.218508012224410547
86 +1 +0.809016994374947451 +0.000000000000000000 -0.309016994374947451 +0.500000000000000000 -0.309016994374947451 +0.000000000000000000 -0.809016994374947451 -0.500000000000000000
87 -1 +0.353553390593273786 +0.353553390593273786 -0.790569415042094881 +0.353553390593273786 +0.353553390593273786 -0.353553390593273786 -0.790569415042094881 -0.353553390593273786
88 +1 +0.309016994374947451 -0.809016994374947451 +0.000000000000000000 +0.500000000000000000 -0.809016994374947451 -0.309016994374947451 +0.000000000000000000 -0.500000000000000000
89 +1 +0.000000000000000000 +0.809016994374947451 -0.500000000000000000 +0.309016994374947451 +0.000000000000000000 +0.309016994374947451 +0.500000000000000000 +0.809016994374947451
90 -1 +0.218508012224410547 -0.218508012224410547 -0.218508012224410547 +0.925614793410958092 -0.572061402817684250 -0.572061402817684250 -0.572061402817684250 -0.135045378368863239
91 +1 +0.000000000000000000 +0.809016994374947451 +0.500000000000000000 +0.309016994374947451 +0.000000000000000000 +0.309016994374947451 -0.500000000000000000 +0.809016994374947451
92 -1 +0.572061402817684250 -0.572061402817684250 -0.572061402817684250 +0.135045378368863239 -0.218508012224410547 -0.218508012224410547 -0.218508012224410547 -0.925614793410958092
93 +1 +0.000000000000000000 +0.500000000000000000 -0.309016994374947451 +0.809016994374947451 +0.000000000000000000 -0.500000000000000000 -0.809016994374947451 +0.309016994374947451
94 -1 +0.218508012224410547 +0.925614793410958092 +0.218508012224410547 +0.218508012224410547 -0.572061402817684250 -0.135045378368863239 +0.572061402817684250 +0.572061402817684250
95 +1 +0.309016994374947451 +0.000000000000000000 -0.500000000000000000 -0.809016994374947451 -0.809016994374947451 +0.000000000000000000 +0.500000000000000000 -0.309016994374947451
96 -1 +0.707106781186547573 +0.707106781186547573 +0.000000000000000000 +0.000000000000000000 +0.707106781186547573 -0.707106781186547573 +0.000000000000000000 +0.000000000000000000
97 -1 +0.572061402817684250 +0.135045378368863239 -0.572061402817684250 -0.572061402817684250 -0.218508012224410547 -0.925614793410958092 -0.218508012224410547 -0.218508012224410547
98 -1 +0.572061402817684250 +0.135045378368863239 +0.572061402817684250 +0.572061402817684250 -0.218508012224410547 -0.925614793410958092 +0.218508012224410547 +0.218508012224410547
99 -1 +0.790569415042094881 +0.353553390593273786 -0.353553390593273786 +0.353553390593273786 -0.790569415042094881 -0.353553390593273786 +0.353553390593273786 -0.353553390593273786
100 +1 +0.309016994374947451 +0.500000000000000000 -0.809016994374947451 +0.000000000000000000 -0.809016994374947451 -0.500000000000000000 -0.309016994374947451 +0.000000000000000000
101 -1 +0.572061402817684250 -0.572061402817684250 -0.135045378368863239 +0.572061402817684250 -0.218508012224410547 -0.218508012224410547 +0.925614793410958092 +0.218508012224410547
102 +1 +0.309016994374947451 +0.000000000000000000 -0.500000000000000000 +0.809016994374947451 -0.809016994374947451 +0.000000000000000000 +0.500000000000000000 +0.309016994374947451
103 -1 +0.218508012224410547 +0.218508012224410547 -0.925614793410958092 -0.218508012224410547 -0.572061402817684250 +0.572061402817684250 +0.135045378368863239 -0.572061402817684250
104 +1 +0.000000000000000000 +0.309016994374947451 +0.809016994374947451 -0.500000000000000000 +0.000000000000000000 +0.809016994374947451 +0.309016994374947451 +0.500000000000000000
105 -1 +0.218508012224410547 -0.925614793410958092 +0.218508012224410547 -0.218508012224410547 -0.572061402817684250 +0.135045378368863239 +0.572061402817684250 -0.572061402817684250
106 +1 +0.000000000000000000 +0.000000000000000000 +1.000000000000000000 +0.000000000000000000 +0.000000000000000000 +0.000000000000000000 -1.000000000000000000 +0.000000000000000000
107 +1 +0.309016994374947451 +0.000000000000000000 +0.500000000000000000 -0.809016994374947451 -0.809016994374947451 +0.000000000000000000 -0.500000000000000000 -0.309016994374947451
108 +1 +0.000000000000000000 +0.500000000000000000 -0.309016994374947451 -0.809016994374947451 +0.000000000000000000 -0.500000000000000000 -0.809016994374947451 -0.309016994374947451
109 -1 +0.218508012224410547 +0.218508012224410547 +0.218508012224410547 +0.925614793410958092 -0.572061402817684250 +0.572061402817684250 +0.572061402817684250 -0.135045378368863239
110 +1 +0.809016994374947451 +0.500000000000000000 +0.000000000000000000 -0.309016994374947451 -0.309016994374947451 -0.500000000000000000 +0.000000000000000000 -0.809016994374947451
111 +1 +0.309016994374947451 -0.500000000000000000 +0.809016994374947451 +0.000000000000000000 -0.809016994374947451 +0.500000000000000000 +0.309016994374947451 +0.000000000000000000
112 -1 +0.572061402817684250 -0.135045378368863239 -0.572061402817684250 +0.572061402817684250 -0.218508012224410547 +0.925614793410958092 -0.218508012224410547 +0.218508012224410547
113 +1 +0.000000000000000000 +0.809016994374947451 -0.500000000000000000 -0.309016994374947451 +0.000000000000000000 +0.309016994374947451 +0.500000000000000000 -0.809016994374947451
114 +1 +0.000000000000000000 +0.000000000000000000 +0.000000000000000000 +1.000000000000000000 +0.000000000000000000 +0.000000000000000000 +0.000000000000000000 -1.000000000000000000
115 -1 +0.218508012224410547 +0.925614793410958092 -0.218508012224410547 -0.218508012224410547 -0.572061402817684250 -0.135045378368863239 -0.572061402817684250 -0.572061402817684250
116 +1 +0.809016994374947451 +0.000000000000000000 +0.309016994374947451 +0.500000000000000000 -0.309016994374947451 +0.000000000000000000 +0.809016994374947451 -0.500000000000000000
117 -1 +0.707106781186547573 -0.707106781186547573 +0.000000000000000000 +0.000000000000000000 +0.707106781186547573 +0.707106781186547573 +0.000000000000000000 +0.000000000000000000
118 -1 +0.353553390593273786 -0.790569415042094881 +0.353553390593273786 +0.353553390593273786 +0.353553390593273786 -0.790569415042094881 -0.353553390593273786 -0.353553390593273786
119 +1 +0.500000000000000000 +0.000000000000000000 -0.809016994374947451 +0.309016994374947451 +0.500000000000000000 +0.000000000000000000 -0.309016994374947451 +0.809016994374947451
