0 +1 +1.000000000000000000 +0.000000000000000000 +0.000000000000000000 +0.000000000000000000 +1.000000000000000000 +0.000000000000000000 +0.000000000000000000 +0.000000000000000000
1 +1 +0.707106781186547573 +0.707106781186547573 +0.000000000000000000 +0.000000000000000000 +0.707106781186547573 +0.707106781186547573 +0.000000000000000000 +0.000000000000000000
2 -1 +0.500000000000000000 +0.500000000000000000 +0.500000000000000000 +0.500000000000000000 -0.500000000000000000 +0.500000000000000000 +0.500000000000000000 +0.500000000000000000
3 +1 +0.000000000000000000 +1.000000000000000000 +0.000000000000000000 +0.000000000000000000 +0.000000000000000000 +1.000000000000000000 +0.000000000000000000 +0.000000000000000000
4 -1 +0.000000000000000000 +0.707106781186547573 +0.000000000000000000 +0.707106781186547573 -0.707106781186547573 +0.000000000000000000 +0.707106781186547573 +0.000000000000000000
5 -1 +0.707106781186547573 +0.000000000000000000 +0.000000000000000000 +0.707106781186547573 +0.000000000000000000 +0.707106781186547573 +0.707106781186547573 +0.000000000000000000
6 +1 +0.500000000000000000 -0.500000000000000000 -0.500000000000000000 -0.500000000000000000 +0.500000000000000000 +0.500000000000000000 +0.500000000000000000 +0.500000000000000000
7 +1 +0.707106781186547573 -0.707106781186547573 +0.000000000000000000 +0.000000000000000000 +0.707106781186547573 -0.707106781186547573 +0.000000000000000000 +0.000000000000000000
8 -1 +0.500000000000000000 -0.500000000000000000 +0.500000000000000000 -0.500000000000000000 +0.500000000000000000 +0.500000000000000000 -0.500000000000000000 +0.500000000000000000
9 -1 +0.500000000000000000 +0.500000000000000000 -0.500000000000000000 +0.500000000000000000 -0.500000000000000000 +0.500000000000000000 +0.500000000000000000 -0.500000000000000000
10 +1 +0.707106781186547573 +0.000000000000000000 +0.000000000000000000 -0.707106781186547573 +0.000000000000000000 +0.707106781186547573 +0.707106781186547573 +0.000000000000000000
11 -1 +0.500000000000000000 -0.500000000000000000 -0.500000000000000000 +0.500000000000000000 +0.500000000000000000 +0.500000000000000000 +0.500000000000000000 -0.500000000000000000
12 +1 +0.000000000000000000 +0.000000000000000000 +0.707106781186547573 +0.707106781186547573 -0.707106781186547573 -0.707106781186547573 +0.000000000000000000 +0.000000000000000000
13 +1 +0.707106781186547573 +0.000000000000000000 -0.707106781186547573 +0.000000000000000000 +0.000000000000000000 +0.707106781186547573 +0.000000000000000000 +0.707106781186547573
14 -1 +1.000000000000000000 +0.000000000000000000 +0.000000000000000000 +0.000000000000000000 -1.000000000000000000 +0.000000000000000000 +0.000000000000000000 +0.000000000000000000
15 -1 +0.707106781186547573 +0.000000000000000000 +0.707106781186547573 +0.000000000000000000 +0.000000000000000000 +0.707106781186547573 +0.000000000000000000 +0.707106781186547573
16 -1 +0.000000000000000000 +0.707106781186547573 -0.707106781186547573 +0.000000000000000000 -0.707106781186547573 +0.000000000000000000 +0.000000000000000000 -0.707106781186547573
17 +1 +0.500000000000000000 +0.500000000000000000 +0.500000000000000000 -0.500000000000000000 -0.500000000000000000 +0.500000000000000000 +0.500000000000000000 -0.500000000000000000
18 -1 +0.707106781186547573 +0.000000000000000000 -0.707106781186547573 +0.000000000000000000 +0.000000000000000000 +0.707106781186547573 +0.000000000000000000 -0.707106781186547573
19 +1 +0.000000000000000000 +0.000000000000000000 +0.000000000000000000 +1.000000000000000000 +0.000000000000000000 -1.000000000000000000 +0.000000000000000000 +0.000000000000000000
20 +1 +0.500000000000000000 +0.500000000000000000 -0.500000000000000000 -0.500000000000000000 -0.500000000000000000 +0.500000000000000000 +0.500000000000000000 +0.500000000000000000
21 -1 +0.707106781186547573 +0.707106781186547573 +0.000000000000000000 +0.000000000000000000 -0.707106781186547573 -0.707106781186547573 +0.000000000000000000 +0.000000000000000000
22 -1 +0.000000000000000000 +0.707106781186547573 +0.707106781186547573 +0.000000000000000000 -0.707106781186547573 +0.000000000000000000 +0.000000000000000000 +0.707106781186547573
23 +1 +0.500000000000000000 -0.500000000000000000 +0.500000000000000000 +0.500000000000000000 -0.500000000000000000 -0.500000000000000000 +0.500000000000000000 +0.500000000000000000
24 +1 +0.000000000000000000 +0.000000000000000000 +1.000000000000000000 +0.000000000000000000 +0.000000000000000000 -1.000000000000000000 +0.000000000000000000 +0.000000000000000000
25 -1 +0.707106781186547573 +0.000000000000000000 -0.707106781186547573 +0.000000000000000000 -0.707106781186547573 +0.000000000000000000 +0.707106781186547573 +0.000000000000000000
26 +1 +0.500000000000000000 +0.500000000000000000 -0.500000000000000000 +0.500000000000000000 -0.500000000000000000 +0.500000000000000000 -0.500000000000000000 +0.500000000000000000
27 -1 +0.707106781186547573 +0.000000000000000000 +0.000000000000000000 +0.707106781186547573 -0.707106781186547573 +0.000000000000000000 +0.000000000000000000 -0.707106781186547573
28 -1 +0.707106781186547573 -0.707106781186547573 +0.000000000000000000 +0.000000000000000000 -0.707106781186547573 +0.707106781186547573 +0.000000000000000000 +0.000000000000000000
29 +1 +0.500000000000000000 +0.500000000000000000 +0.500000000000000000 +0.500000000000000000 +0.500000000000000000 -0.500000000000000000 -0.500000000000000000 -0.500000000000000000
30 -1 +0.500000000000000000 -0.500000000000000000 +0.500000000000000000 +0.500000000000000000 +0.500000000000000000 +0.500000000000000000 +0.500000000000000000 +0.500000000000000000
31 +1 +0.000000000000000000 +0.707106781186547573 +0.707106781186547573 +0.000000000000000000 -0.707106781186547573 +0.000000000000000000 +0.000000000000000000 -0.707106781186547573
32 -1 +0.500000000000000000 +0.500000000000000000 -0.500000000000000000 -0.500000000000000000 -0.500000000000000000 +0.500000000000000000 -0.500000000000000000 -0.500000000000000000
33 +1 +0.000000000000000000 +0.000000000000000000 +0.707106781186547573 -0.707106781186547573 -0.707106781186547573 +0.707106781186547573 +0.000000000000000000 +0.000000000000000000
34 +1 +0.000000000000000000 +0.707106781186547573 +0.000000000000000000 -0.707106781186547573 -0.707106781186547573 +0.000000000000000000 +0.707106781186547573 +0.000000000000000000
35 -1 +0.000000000000000000 +1.000000000000000000 +0.000000000000000000 +0.000000000000000000 +0.000000000000000000 -1.000000000000000000 +0.000000000000000000 +0.000000000000000000
36 -1 +0.500000000000000000 -0.500000000000000000 -0.500000000000000000 -0.500000000000000000 +0.500000000000000000 +0.500000000000000000 -0.500000000000000000 -0.500000000000000000
37 +1 +0.707106781186547573 +0.000000000000000000 +0.000000000000000000 +0.707106781186547573 +0.000000000000000000 -0.707106781186547573 +0.707106781186547573 +0.000000000000000000
38 +1 +0.000000000000000000 +0.000000000000000000 +0.707106781186547573 +0.707106781186547573 +0.707106781186547573 -0.707106781186547573 +0.000000000000000000 +0.000000000000000000
39 -1 +0.500000000000000000 +0.500000000000000000 -0.500000000000000000 -0.500000000000000000 -0.500000000000000000 -0.500000000000000000 +0.500000000000000000 -0.500000000000000000
40 +1 +0.000000000000000000 +0.707106781186547573 -0.707106781186547573 +0.000000000000000000 -0.707106781186547573 +0.000000000000000000 +0.000000000000000000 +0.707106781186547573
41 -1 +0.500000000000000000 +0.500000000000000000 -0.500000000000000000 +0.500000000000000000 -0.500000000000000000 -0.500000000000000000 -0.500000000000000000 -0.500000000000000000
42 +1 +0.000000000000000000 +0.707106781186547573 +0.000000000000000000 +0.707106781186547573 +0.707106781186547573 +0.000000000000000000 -0.707106781186547573 +0.000000000000000000
43 +1 +0.707106781186547573 -0.707106781186547573 +0.000000000000000000 +0.000000000000000000 +0.000000000000000000 +0.000000000000000000 +0.707106781186547573 +0.707106781186547573
44 +1 +0.707106781186547573 +0.000000000000000000 +0.707106781186547573 +0.000000000000000000 +0.000000000000000000 -0.707106781186547573 +0.000000000000000000 +0.707106781186547573
45 -1 +0.000000000000000000 +0.000000000000000000 +1.000000000000000000 +0.000000000000000000 +0.000000000000000000 +0.000000000000000000 -1.000000000000000000 +0.000000000000000000
46 +1 +0.000000000000000000 +0.000000000000000000 +0.707106781186547573 -0.707106781186547573 +0.707106781186547573 -0.707106781186547573 +0.000000000000000000 +0.000000000000000000
47 -1 +0.500000000000000000 -0.500000000000000000 -0.500000000000000000 +0.500000000000000000 -0.500000000000000000 -0.500000000000000000 +0.500000000000000000 -0.500000000000000000
48 -1 +0.500000000000000000 -0.500000000000000000 -0.500000000000000000 -0.500000000000000000 -0.500000000000000000 +0.500000000000000000 +0.500000000000000000 -0.500000000000000000
49 +1 +0.707106781186547573 +0.000000000000000000 +0.000000000000000000 +0.707106781186547573 +0.000000000000000000 -0.707106781186547573 -0.707106781186547573 +0.000000000000000000
50 +1 +0.000000000000000000 +0.707106781186547573 +0.000000000000000000 +0.707106781186547573 -0.707106781186547573 +0.000000000000000000 -0.707106781186547573 +0.000000000000000000
51 -1 +0.000000000000000000 +0.000000000000000000 +0.000000000000000000 +1.000000000000000000 +0.000000000000000000 +0.000000000000000000 +0.000000000000000000 -1.000000000000000000
52 -1 +0.500000000000000000 -0.500000000000000000 -0.500000000000000000 +0.500000000000000000 -0.500000000000000000 +0.500000000000000000 -0.500000000000000000 -0.500000000000000000
53 +1 +0.707106781186547573 +0.000000000000000000 +0.707106781186547573 +0.000000000000000000 +0.000000000000000000 -0.707106781186547573 +0.000000000000000000 -0.707106781186547573
54 +1 +0.000000000000000000 +0.707106781186547573 +0.707106781186547573 +0.000000000000000000 +0.707106781186547573 +0.000000000000000000 +0.000000000000000000 -0.707106781186547573
55 -1 +0.500000000000000000 -0.500000000000000000 -0.500000000000000000 -0.500000000000000000 -0.500000000000000000 -0.500000000000000000 -0.500000000000000000 -0.500000000000000000
56 -1 +0.000000000000000000 +0.707106781186547573 +0.000000000000000000 -0.707106781186547573 -0.707106781186547573 +0.000000000000000000 -0.707106781186547573 +0.000000000000000000
57 +1 +0.000000000000000000 +0.000000000000000000 +1.000000000000000000 +0.000000000000000000 -1.000000000000000000 +0.000000000000000000 +0.000000000000000000 +0.000000000000000000
58 +1 +0.500000000000000000 -0.500000000000000000 -0.500000000000000000 +0.500000000000000000 +0.500000000000000000 +0.500000000000000000 -0.500000000000000000 +0.500000000000000000
59 -1 +0.707106781186547573 +0.000000000000000000 +0.000000000000000000 -0.707106781186547573 +0.000000000000000000 +0.707106781186547573 -0.707106781186547573 +0.000000000000000000
60 +1 +0.500000000000000000 +0.500000000000000000 -0.500000000000000000 +0.500000000000000000 +0.500000000000000000 -0.500000000000000000 +0.500000000000000000 -0.500000000000000000
61 +1 +0.000000000000000000 +0.000000000000000000 +0.000000000000000000 +1.000000000000000000 +1.000000000000000000 +0.000000000000000000 +0.000000000000000000 +0.000000000000000000
62 -1 +0.000000000000000000 +0.707106781186547573 +0.000000000000000000 -0.707106781186547573 +0.000000000000000000 -0.707106781186547573 +0.000000000000000000 -0.707106781186547573
63 +1 +0.500000000000000000 -0.500000000000000000 +0.500000000000000000 +0.500000000000000000 +0.500000000000000000 +0.500000000000000000 -0.500000000000000000 -0.500000000000000000
64 -1 +0.000000000000000000 +0.707106781186547573 -0.707106781186547573 +0.000000000000000000 +0.000000000000000000 -0.707106781186547573 -0.707106781186547573 +0.000000000000000000
65 +1 +0.500000000000000000 -0.500000000000000000 +0.500000000000000000 -0.500000000000000000 -0.500000000000000000 -0.500000000000000000 +0.500000000000000000 -0.500000000000000000
66 +1 +1.000000000000000000 +0.000000000000000000 +0.000000000000000000 +0.000000000000000000 +0.000000000000000000 +0.000000000000000000 +1.000000000000000000 +0.000000000000000000
67 +1 +0.500000000000000000 +0.500000000000000000 +0.500000000000000000 +0.500000000000000000 +0.500000000000000000 -0.500000000000000000 +0.500000000000000000 +0.500000000000000000
68 -1 +0.000000000000000000 +0.000000000000000000 +0.707106781186547573 +0.707106781186547573 +0.000000000000000000 +0.000000000000000000 -0.707106781186547573 +0.707106781186547573
69 +1 +0.000000000000000000 +0.000000000000000000 +1.000000000000000000 +0.000000000000000000 +1.000000000000000000 +0.000000000000000000 +0.000000000000000000 +0.000000000000000000
70 -1 +0.707106781186547573 +0.000000000000000000 -0.707106781186547573 +0.000000000000000000 +0.000000000000000000 -0.707106781186547573 +0.000000000000000000 -0.707106781186547573
71 -1 +0.707106781186547573 +0.000000000000000000 +0.000000000000000000 -0.707106781186547573 -0.707106781186547573 +0.000000000000000000 +0.000000000000000000 -0.707106781186547573
72 +1 +0.500000000000000000 +0.500000000000000000 -0.500000000000000000 +0.500000000000000000 +0.500000000000000000 -0.500000000000000000 -0.500000000000000000 +0.500000000000000000
73 +1 +0.500000000000000000 -0.500000000000000000 +0.500000000000000000 -0.500000000000000000 +0.500000000000000000 +0.500000000000000000 +0.500000000000000000 -0.500000000000000000
74 -1 +0.000000000000000000 +0.000000000000000000 +0.707106781186547573 -0.707106781186547573 +0.000000000000000000 +0.000000000000000000 +0.707106781186547573 +0.707106781186547573
75 -1 +0.707106781186547573 +0.000000000000000000 -0.707106781186547573 +0.000000000000000000 -0.707106781186547573 +0.000000000000000000 -0.707106781186547573 +0.000000000000000000
76 +1 +0.500000000000000000 -0.500000000000000000 -0.500000000000000000 -0.500000000000000000 -0.500000000000000000 -0.500000000000000000 +0.500000000000000000 +0.500000000000000000
77 -1 +0.707106781186547573 +0.000000000000000000 +0.000000000000000000 -0.707106781186547573 +0.000000000000000000 -0.707106781186547573 -0.707106781186547573 +0.000000000000000000
78 +1 +1.000000000000000000 +0.000000000000000000 +0.000000000000000000 +0.000000000000000000 +0.000000000000000000 +0.000000000000000000 +0.000000000000000000 +1.000000000000000000
79 -1 +0.707106781186547573 +0.000000000000000000 +0.707106781186547573 +0.000000000000000000 -0.707106781186547573 +0.000000000000000000 -0.707106781186547573 +0.000000000000000000
80 +1 +0.500000000000000000 +0.500000000000000000 +0.500000000000000000 -0.500000000000000000 +0.500000000000000000 -0.500000000000000000 -0.500000000000000000 +0.500000000000000000
81 -1 +0.000000000000000000 +0.707106781186547573 +0.707106781186547573 +0.000000000000000000 +0.000000000000000000 +0.707106781186547573 -0.707106781186547573 +0.000000000000000000
82 +1 +0.500000000000000000 -0.500000000000000000 -0.500000000000000000 +0.500000000000000000 -0.500000000000000000 -0.500000000000000000 -0.500000000000000000 +0.500000000000000000
83 +1 +0.000000000000000000 +0.000000000000000000 +0.000000000000000000 +1.000000000000000000 -1.000000000000000000 +0.000000000000000000 +0.000000000000000000 +0.000000000000000000
84 -1 +0.000000000000000000 +0.707106781186547573 +0.000000000000000000 -0.707106781186547573 +0.000000000000000000 +0.707106781186547573 +0.000000000000000000 +0.707106781186547573
85 -1 +0.000000000000000000 +0.707106781186547573 +0.707106781186547573 +0.000000000000000000 +0.707106781186547573 +0.000000000000000000 +0.000000000000000000 +0.707106781186547573
86 +1 +0.500000000000000000 -0.500000000000000000 +0.500000000000000000 +0.500000000000000000 +0.500000000000000000 -0.500000000000000000 -0.500000000000000000 +0.500000000000000000
87 -1 +0.000000000000000000 +0.707106781186547573 +0.000000000000000000 +0.707106781186547573 +0.000000000000000000 -0.707106781186547573 +0.000000000000000000 +0.707106781186547573
88 +1 +1.000000000000000000 +0.000000000000000000 +0.000000000000000000 +0.000000000000000000 +0.000000000000000000 -1.000000000000000000 +0.000000000000000000 +0.000000000000000000
89 -1 +0.000000000000000000 +0.000000000000000000 +0.707106781186547573 +0.707106781186547573 +0.707106781186547573 +0.707106781186547573 +0.000000000000000000 +0.000000000000000000
90 -1 +0.707106781186547573 +0.000000000000000000 +0.000000000000000000 -0.707106781186547573 -0.707106781186547573 +0.000000000000000000 +0.000000000000000000 +0.707106781186547573
91 +1 +0.500000000000000000 +0.500000000000000000 -0.500000000000000000 -0.500000000000000000 -0.500000000000000000 +0.500000000000000000 -0.500000000000000000 -0.500000000000000000
92 -1 +0.000000000000000000 +0.707106781186547573 +0.707106781186547573 +0.000000000000000000 +0.000000000000000000 -0.707106781186547573 +0.707106781186547573 +0.000000000000000000
93 +1 +0.500000000000000000 -0.500000000000000000 +0.500000000000000000 +0.500000000000000000 +0.500000000000000000 -0.500000000000000000 +0.500000000000000000 -0.500000000000000000
94 +1 +0.500000000000000000 +0.500000000000000000 +0.500000000000000000 -0.500000000000000000 +0.500000000000000000 -0.500000000000000000 +0.500000000000000000 -0.500000000000000000
95 -1 +0.707106781186547573 -0.707106781186547573 +0.000000000000000000 +0.000000000000000000 +0.000000000000000000 +0.000000000000000000 -0.707106781186547573 -0.707106781186547573
96 -1 +0.000000000000000000 +0.707106781186547573 +0.000000000000000000 +0.707106781186547573 +0.707106781186547573 +0.000000000000000000 +0.707106781186547573 +0.000000000000000000
97 -1 +0.500000000000000000 +0.500000000000000000 +0.500000000000000000 -0.500000000000000000 -0.500000000000000000 +0.500000000000000000 -0.500000000000000000 +0.500000000000000000
98 +1 +0.000000000000000000 +0.707106781186547573 -0.707106781186547573 +0.000000000000000000 +0.707106781186547573 +0.000000000000000000 +0.000000000000000000 -0.707106781186547573
99 +1 +0.000000000000000000 +0.000000000000000000 +0.707106781186547573 -0.707106781186547573 -0.707106781186547573 -0.707106781186547573 +0.000000000000000000 +0.000000000000000000
100 -1 +0.500000000000000000 -0.500000000000000000 -0.500000000000000000 +0.500000000000000000 -0.500000000000000000 +0.500000000000000000 +0.500000000000000000 +0.500000000000000000
101 +1 +0.707106781186547573 +0.000000000000000000 +0.000000000000000000 +0.707106781186547573 +0.000000000000000000 +0.707106781186547573 -0.707106781186547573 +0.000000000000000000
102 -1 +0.500000000000000000 -0.500000000000000000 +0.500000000000000000 +0.500000000000000000 -0.500000000000000000 +0.500000000000000000 +0.500000000000000000 -0.500000000000000000
103 +1 +0.707106781186547573 +0.707106781186547573 +0.000000000000000000 +0.000000000000000000 +0.000000000000000000 +0.000000000000000000 +0.707106781186547573 -0.707106781186547573
104 +1 +0.000000000000000000 +0.707106781186547573 +0.000000000000000000 +0.707106781186547573 +0.707106781186547573 +0.000000000000000000 +0.707106781186547573 +0.000000000000000000
105 -1 +0.000000000000000000 +0.000000000000000000 +0.000000000000000000 +1.000000000000000000 +0.000000000000000000 +0.000000000000000000 +0.000000000000000000 +1.000000000000000000
106 +1 +0.000000000000000000 +0.000000000000000000 +0.707106781186547573 +0.707106781186547573 +0.707106781186547573 +0.707106781186547573 +0.000000000000000000 +0.000000000000000000
107 -1 +0.500000000000000000 +0.500000000000000000 -0.500000000000000000 -0.500000000000000000 +0.500000000000000000 -0.500000000000000000 -0.500000000000000000 -0.500000000000000000
108 -1 +0.500000000000000000 +0.500000000000000000 +0.500000000000000000 -0.500000000000000000 -0.500000000000000000 -0.500000000000000000 -0.500000000000000000 -0.500000000000000000
109 +1 +0.000000000000000000 +0.707106781186547573 -0.707106781186547573 +0.000000000000000000 +0.707106781186547573 +0.000000000000000000 +0.000000000000000000 +0.707106781186547573
110 +1 +0.707106781186547573 +0.000000000000000000 +0.707106781186547573 +0.000000000000000000 +0.000000000000000000 +0.707106781186547573 +0.000000000000000000 -0.707106781186547573
111 -1 +0.000000000000000000 +0.000000000000000000 +1.000000000000000000 +0.000000000000000000 +0.000000000000000000 +0.000000000000000000 +1.000000000000000000 +0.000000000000000000
112 -1 +0.500000000000000000 +0.500000000000000000 -0.500000000000000000 -0.500000000000000000 -0.500000000000000000 -0.500000000000000000 -0.500000000000000000 +0.500000000000000000
113 +1 +0.707106781186547573 +0.000000000000000000 +0.000000000000000000 -0.707106781186547573 +0.000000000000000000 -0.707106781186547573 +0.707106781186547573 +0.000000000000000000
114 -1 +0.500000000000000000 +0.500000000000000000 +0.500000000000000000 -0.500000000000000000 +0.500000000000000000 -0.500000000000000000 -0.500000000000000000 +0.500000000000000000
115 +1 +0.707106781186547573 +0.707106781186547573 +0.000000000000000000 +0.000000000000000000 +0.000000000000000000 +0.000000000000000000 +0.707106781186547573 +0.707106781186547573
116 -1 +0.500000000000000000 +0.500000000000000000 +0.500000000000000000 +0.500000000000000000 -0.500000000000000000 -0.500000000000000000 -0.500000000000000000 +0.500000000000000000
117 +1 +0.000000000000000000 +0.707106781186547573 +0.707106781186547573 +0.000000000000000000 +0.707106781186547573 +0.000000000000000000 +0.000000000000000000 +0.707106781186547573
118 -1 +0.500000000000000000 -0.500000000000000000 -0.500000000000000000 -0.500000000000000000 +0.500000000000000000 -0.500000000000000000 +0.500000000000000000 -0.500000000000000000
119 +1 +0.707106781186547573 +0.000000000000000000 -0.707106781186547573 +0.000000000000000000 +0.000000000000000000 -0.707106781186547573 +0.000000000000000000 +0.707106781186547573
120 +1 +0.000000000000000000 +0.000000000000000000 +0.707106781186547573 -0.707106781186547573 +0.707106781186547573 +0.707106781186547573 +0.000000000000000000 +0.000000000000000000
121 -1 +0.500000000000000000 -0.500000000000000000 -0.500000000000000000 +0.500000000000000000 +0.500000000000000000 -0.500000000000000000 -0.500000000000000000 -0.500000000000000000
122 +1 +0.707106781186547573 +0.000000000000000000 +0.000000000000000000 +0.707106781186547573 +0.707106781186547573 +0.000000000000000000 +0.000000000000000000 +0.707106781186547573
123 -1 +0.500000000000000000 -0.500000000000000000 +0.500000000000000000 -0.500000000000000000 -0.500000000000000000 +0.500000000000000000 -0.500000000000000000 -0.500000000000000000
124 +1 +0.707106781186547573 +0.707106781186547573 +0.000000000000000000 +0.000000000000000000 +0.707106781186547573 -0.707106781186547573 +0.000000000000000000 +0.000000000000000000
125 -1 +0.000000000000000000 +0.000000000000000000 +0.000000000000000000 +1.000000000000000000 +0.000000000000000000 +1.000000000000000000 +0.000000000000000000 +0.000000000000000000
126 -1 +0.500000000000000000 +0.500000000000000000 +0.500000000000000000 -0.500000000000000000 -0.500000000000000000 -0.500000000000000000 +0.500000000000000000 +0.500000000000000000
127 +1 +0.000000000000000000 +0.707106781186547573 +0.000000000000000000 -0.707106781186547573 -0.707106781186547573 +0.000000000000000000 -0.707106781186547573 +0.000000000000000000
128 -1 +0.500000000000000000 -0.500000000000000000 -0.500000000000000000 -0.500000000000000000 -0.500000000000000000 +0.500000000000000000 -0.500000000000000000 +0.500000000000000000
129 +1 +0.707106781186547573 +0.000000000000000000 +0.000000000000000000 +0.707106781186547573 +0.707106781186547573 +0.000000000000000000 +0.000000000000000000 -0.707106781186547573
130 -1 +1.000000000000000000 +0.000000000000000000 +0.000000000000000000 +0.000000000000000000 +0.000000000000000000 +0.000000000000000000 -1.000000000000000000 +0.000000000000000000
131 -1 +0.500000000000000000 -0.500000000000000000 +0.500000000000000000 -0.500000000000000000 -0.500000000000000000 -0.500000000000000000 -0.500000000000000000 +0.500000000000000000
132 +1 +0.707106781186547573 +0.707106781186547573 +0.000000000000000000 +0.000000000000000000 +0.000000000000000000 +0.000000000000000000 -0.707106781186547573 +0.707106781186547573
133 -1 +0.500000000000000000 +0.500000000000000000 +0.500000000000000000 +0.500000000000000000 -0.500000000000000000 +0.500000000000000000 -0.500000000000000000 -0.500000000000000000
134 -1 +0.500000000000000000 -0.500000000000000000 +0.500000000000000000 +0.500000000000000000 -0.500000000000000000 +0.500000000000000000 -0.500000000000000000 +0.500000000000000000
135 +1 +0.000000000000000000 +0.707106781186547573 +0.000000000000000000 -0.707106781186547573 +0.707106781186547573 +0.000000000000000000 -0.707106781186547573 +0.000000000000000000
136 -1 +0.000000000000000000 +1.000000000000000000 +0.000000000000000000 +0.000000000000000000 +0.000000000000000000 +1.000000000000000000 +0.000000000000000000 +0.000000000000000000
137 -1 +0.500000000000000000 +0.500000000000000000 +0.500000000000000000 +0.500000000000000000 +0.500000000000000000 +0.500000000000000000 -0.500000000000000000 +0.500000000000000000
138 +1 +0.707106781186547573 -0.707106781186547573 +0.000000000000000000 +0.000000000000000000 +0.000000000000000000 +0.000000000000000000 -0.707106781186547573 +0.707106781186547573
139 -1 +0.500000000000000000 -0.500000000000000000 +0.500000000000000000 +0.500000000000000000 +0.500000000000000000 +0.500000000000000000 -0.500000000000000000 -0.500000000000000000
140 -1 +0.500000000000000000 +0.500000000000000000 -0.500000000000000000 -0.500000000000000000 -0.500000000000000000 +0.500000000000000000 +0.500000000000000000 +0.500000000000000000
141 -1 +0.500000000000000000 +0.500000000000000000 +0.500000000000000000 -0.500000000000000000 +0.500000000000000000 +0.500000000000000000 +0.500000000000000000 +0.500000000000000000
142 +1 +0.000000000000000000 +0.707106781186547573 -0.707106781186547573 +0.000000000000000000 -0.707106781186547573 +0.000000000000000000 +0.000000000000000000 -0.707106781186547573
143 -1 +0.500000000000000000 +0.500000000000000000 +0.500000000000000000 +0.500000000000000000 +0.500000000000000000 -0.500000000000000000 +0.500000000000000000 +0.500000000000000000
144 +1 +0.707106781186547573 +0.000000000000000000 +0.707106781186547573 +0.000000000000000000 +0.707106781186547573 +0.000000000000000000 -0.707106781186547573 +0.000000000000000000
145 -1 +0.000000000000000000 +0.000000000000000000 +1.000000000000000000 +0.000000000000000000 +0.000000000000000000 +1.000000000000000000 +0.000000000000000000 +0.000000000000000000
146 -1 +0.500000000000000000 +0.500000000000000000 -0.500000000000000000 +0.500000000000000000 -0.500000000000000000 -0.500000000000000000 +0.500000000000000000 +0.500000000000000000
147 -1 +0.000000000000000000 +0.000000000000000000 +0.000000000000000000 +1.000000000000000000 +1.000000000000000000 +0.000000000000000000 +0.000000000000000000 +0.000000000000000000
148 +1 +0.707106781186547573 +0.000000000000000000 -0.707106781186547573 +0.000000000000000000 +0.707106781186547573 +0.000000000000000000 -0.707106781186547573 +0.000000000000000000
149 -1 +0.500000000000000000 -0.500000000000000000 +0.500000000000000000 -0.500000000000000000 -0.500000000000000000 +0.500000000000000000 +0.500000000000000000 +0.500000000000000000
150 +1 +0.707106781186547573 +0.707106781186547573 +0.000000000000000000 +0.000000000000000000 +0.000000000000000000 +0.000000000000000000 -0.707106781186547573 -0.707106781186547573
151 -1 +0.500000000000000000 +0.500000000000000000 -0.500000000000000000 +0.500000000000000000 +0.500000000000000000 -0.500000000000000000 +0.500000000000000000 -0.500000000000000000
152 -1 +0.500000000000000000 +0.500000000000000000 +0.500000000000000000 +0.500000000000000000 -0.500000000000000000 -0.500000000000000000 +0.500000000000000000 -0.500000000000000000
153 +1 +0.707106781186547573 -0.707106781186547573 +0.000000000000000000 +0.000000000000000000 +0.000000000000000000 +0.000000000000000000 +0.707106781186547573 -0.707106781186547573
154 +1 +0.707106781186547573 +0.000000000000000000 +0.707106781186547573 +0.000000000000000000 +0.707106781186547573 +0.000000000000000000 +0.707106781186547573 +0.000000000000000000
155 -1 +0.000000000000000000 +0.000000000000000000 +1.000000000000000000 +0.000000000000000000 +0.000000000000000000 +0.000000000000000000 +0.000000000000000000 +1.000000000000000000
156 +1 +0.000000000000000000 +0.707106781186547573 +0.000000000000000000 -0.707106781186547573 +0.707106781186547573 +0.000000000000000000 +0.707106781186547573 +0.000000000000000000
157 -1 +0.000000000000000000 +1.000000000000000000 +0.000000000000000000 +0.000000000000000000 +0.000000000000000000 +0.000000000000000000 +0.000000000000000000 +1.000000000000000000
158 -1 +0.000000000000000000 +1.000000000000000000 +0.000000000000000000 +0.000000000000000000 +0.000000000000000000 +0.000000000000000000 +1.000000000000000000 +0.000000000000000000
159 +1 +0.707106781186547573 +0.000000000000000000 +0.000000000000000000 -0.707106781186547573 +0.707106781186547573 +0.000000000000000000 +0.000000000000000000 -0.707106781186547573
160 +1 +0.000000000000000000 +1.000000000000000000 +0.000000000000000000 +0.000000000000000000 +0.000000000000000000 +0.000000000000000000 +0.000000000000000000 -1.000000000000000000
161 +1 +0.500000000000000000 -0.500000000000000000 +0.500000000000000000 -0.500000000000000000 -0.500000000000000000 -0.500000000000000000 -0.500000000000000000 +0.500000000000000000
162 -1 +0.000000000000000000 +0.000000000000000000 +0.707106781186547573 -0.707106781186547573 +0.000000000000000000 +0.000000000000000000 -0.707106781186547573 -0.707106781186547573
163 +1 +0.000000000000000000 +0.000000000000000000 +0.000000000000000000 +1.000000000000000000 +0.000000000000000000 +1.000000000000000000 +0.000000000000000000 +0.000000000000000000
164 -1 +0.000000000000000000 +0.707106781186547573 +0.000000000000000000 -0.707106781186547573 +0.707106781186547573 +0.000000000000000000 -0.707106781186547573 +0.000000000000000000
165 -1 +0.000000000000000000 +0.707106781186547573 +0.707106781186547573 +0.000000000000000000 +0.000000000000000000 -0.707106781186547573 -0.707106781186547573 +0.000000000000000000
166 +1 +0.500000000000000000 -0.500000000000000000 +0.500000000000000000 +0.500000000000000000 -0.500000000000000000 -0.500000000000000000 -0.500000000000000000 -0.500000000000000000
167 +1 +0.500000000000000000 +0.500000000000000000 +0.500000000000000000 +0.500000000000000000 -0.500000000000000000 +0.500000000000000000 -0.500000000000000000 -0.500000000000000000
168 -1 +0.000000000000000000 +0.000000000000000000 +0.707106781186547573 +0.707106781186547573 +0.000000000000000000 +0.000000000000000000 +0.707106781186547573 -0.707106781186547573
169 -1 +0.000000000000000000 +0.707106781186547573 +0.000000000000000000 -0.707106781186547573 +0.000000000000000000 -0.707106781186547573 +0.000000000000000000 +0.707106781186547573
170 +1 +0.000000000000000000 +1.000000000000000000 +0.000000000000000000 +0.000000000000000000 +0.000000000000000000 +0.000000000000000000 +1.000000000000000000 +0.000000000000000000
171 +1 +0.500000000000000000 -0.500000000000000000 -0.500000000000000000 -0.500000000000000000 -0.500000000000000000 -0.500000000000000000 -0.500000000000000000 -0.500000000000000000
172 -1 +0.707106781186547573 +0.000000000000000000 +0.000000000000000000 -0.707106781186547573 +0.707106781186547573 +0.000000000000000000 +0.000000000000000000 -0.707106781186547573
173 +1 +0.500000000000000000 +0.500000000000000000 -0.500000000000000000 -0.500000000000000000 +0.500000000000000000 -0.500000000000000000 +0.500000000000000000 +0.500000000000000000
174 +1 +0.000000000000000000 +0.000000000000000000 +1.000000000000000000 +0.000000000000000000 +0.000000000000000000 +1.000000000000000000 +0.000000000000000000 +0.000000000000000000
175 -1 +0.707106781186547573 +0.000000000000000000 -0.707106781186547573 +0.000000000000000000 +0.707106781186547573 +0.000000000000000000 -0.707106781186547573 +0.000000000000000000
176 +1 +0.500000000000000000 +0.500000000000000000 -0.500000000000000000 +0.500000000000000000 +0.500000000000000000 +0.500000000000000000 +0.500000000000000000 +0.500000000000000000
177 +1 +0.000000000000000000 +1.000000000000000000 +0.000000000000000000 +0.000000000000000000 +1.000000000000000000 +0.000000000000000000 +0.000000000000000000 +0.000000000000000000
178 -1 +0.000000000000000000 +0.000000000000000000 +0.707106781186547573 -0.707106781186547573 +0.707106781186547573 -0.707106781186547573 +0.000000000000000000 +0.000000000000000000
179 +1 +0.500000000000000000 -0.500000000000000000 -0.500000000000000000 +0.500000000000000000 +0.500000000000000000 +0.500000000000000000 +0.500000000000000000 -0.500000000000000000
180 +1 +0.500000000000000000 +0.500000000000000000 -0.500000000000000000 +0.500000000000000000 +0.500000000000000000 +0.500000000000000000 -0.500000000000000000 -0.500000000000000000
181 -1 +0.707106781186547573 +0.707106781186547573 +0.000000000000000000 +0.000000000000000000 +0.000000000000000000 +0.000000000000000000 -0.707106781186547573 +0.707106781186547573
182 -1 +0.707106781186547573 +0.000000000000000000 +0.707106781186547573 +0.000000000000000000 +0.000000000000000000 -0.707106781186547573 +0.000000000000000000 +0.707106781186547573
183 +1 +0.000000000000000000 +1.000000000000000000 +0.000000000000000000 +0.000000000000000000 +0.000000000000000000 +0.000000000000000000 +0.000000000000000000 +1.000000000000000000
184 -1 +0.000000000000000000 +0.707106781186547573 +0.000000000000000000 +0.707106781186547573 -0.707106781186547573 +0.000000000000000000 -0.707106781186547573 +0.000000000000000000
185 -1 +0.707106781186547573 +0.000000000000000000 +0.000000000000000000 +0.707106781186547573 -0.707106781186547573 +0.000000000000000000 +0.000000000000000000 +0.707106781186547573
186 +1 +0.500000000000000000 -0.500000000000000000 -0.500000000000000000 +0.500000000000000000 -0.500000000000000000 -0.500000000000000000 +0.500000000000000000 -0.500000000000000000
187 -1 +0.707106781186547573 -0.707106781186547573 +0.000000000000000000 +0.000000000000000000 +0.707106781186547573 -0.707106781186547573 +0.000000000000000000 +0.000000000000000000
188 -1 +0.000000000000000000 +0.707106781186547573 +0.000000000000000000 +0.707106781186547573 +0.000000000000000000 +0.707106781186547573 +0.000000000000000000 +0.707106781186547573
189 -1 +0.707106781186547573 +0.000000000000000000 +0.000000000000000000 +0.707106781186547573 +0.000000000000000000 +0.707106781186547573 -0.707106781186547573 +0.000000000000000000
190 -1 +0.000000000000000000 +0.707106781186547573 +0.000000000000000000 -0.707106781186547573 -0.707106781186547573 +0.000000000000000000 +0.707106781186547573 +0.000000000000000000
191 -1 +0.000000000000000000 +0.707106781186547573 +0.707106781186547573 +0.000000000000000000 +0.000000000000000000 +0.707106781186547573 +0.707106781186547573 +0.000000000000000000
192 +1 +0.500000000000000000 -0.500000000000000000 +0.500000000000000000 +0.500000000000000000 +0.500000000000000000 +0.500000000000000000 +0.500000000000000000 +0.500000000000000000
193 +1 +0.500000000000000000 +0.500000000000000000 +0.500000000000000000 +0.500000000000000000 +0.500000000000000000 +0.500000000000000000 -0.500000000000000000 +0.500000000000000000
194 -1 +0.000000000000000000 +0.000000000000000000 +0.707106781186547573 +0.707106781186547573 -0.707106781186547573 +0.707106781186547573 +0.000000000000000000 +0.000000000000000000
195 -1 +0.000000000000000000 +0.707106781186547573 -0.707106781186547573 +0.000000000000000000 +0.000000000000000000 -0.707106781186547573 +0.707106781186547573 +0.000000000000000000
196 -1 +0.000000000000000000 +0.000000000000000000 +0.707106781186547573 -0.707106781186547573 -0.707106781186547573 -0.707106781186547573 +0.000000000000000000 +0.000000000000000000
197 +1 +0.500000000000000000 +0.500000000000000000 -0.500000000000000000 -0.500000000000000000 +0.500000000000000000 +0.500000000000000000 -0.500000000000000000 +0.500000000000000000
198 -1 +0.707106781186547573 +0.000000000000000000 +0.707106781186547573 +0.000000000000000000 -0.707106781186547573 +0.000000000000000000 +0.707106781186547573 +0.000000000000000000
199 +1 +0.000000000000000000 +1.000000000000000000 +0.000000000000000000 +0.000000000000000000 +0.000000000000000000 +0.000000000000000000 -1.000000000000000000 +0.000000000000000000
200 -1 +0.000000000000000000 +0.707106781186547573 -0.707106781186547573 +0.000000000000000000 +0.707106781186547573 +0.000000000000000000 +0.000000000000000000 -0.707106781186547573
201 -1 +0.000000000000000000 +0.707106781186547573 +0.000000000000000000 +0.707106781186547573 +0.000000000000000000 -0.707106781186547573 +0.000000000000000000 -0.707106781186547573
202 +1 +1.000000000000000000 +0.000000000000000000 +0.000000000000000000 +0.000000000000000000 +0.000000000000000000 +0.000000000000000000 +0.000000000000000000 -1.000000000000000000
203 +1 +0.500000000000000000 +0.500000000000000000 +0.500000000000000000 +0.500000000000000000 +0.500000000000000000 +0.500000000000000000 +0.500000000000000000 -0.500000000000000000
204 -1 +0.000000000000000000 +0.000000000000000000 +0.707106781186547573 +0.707106781186547573 +0.000000000000000000 +0.000000000000000000 +0.707106781186547573 +0.707106781186547573
205 -1 +0.707106781186547573 -0.707106781186547573 +0.000000000000000000 +0.000000000000000000 +0.000000000000000000 +0.000000000000000000 -0.707106781186547573 +0.707106781186547573
206 +1 +0.500000000000000000 +0.500000000000000000 +0.500000000000000000 -0.500000000000000000 +0.500000000000000000 +0.500000000000000000 -0.500000000000000000 -0.500000000000000000
207 -1 +0.000000000000000000 +0.707106781186547573 +0.000000000000000000 +0.707106781186547573 +0.000000000000000000 +0.707106781186547573 +0.000000000000000000 -0.707106781186547573
208 +1 +0.500000000000000000 -0.500000000000000000 -0.500000000000000000 -0.500000000000000000 -0.500000000000000000 +0.500000000000000000 -0.500000000000000000 +0.500000000000000000
209 +1 +0.000000000000000000 +0.000000000000000000 +1.000000000000000000 +0.000000000000000000 +0.000000000000000000 +0.000000000000000000 +0.000000000000000000 -1.000000000000000000
210 -1 +0.000000000000000000 +0.707106781186547573 -0.707106781186547573 +0.000000000000000000 +0.000000000000000000 +0.707106781186547573 +0.707106781186547573 +0.000000000000000000
211 -1 +0.707106781186547573 +0.707106781186547573 +0.000000000000000000 +0.000000000000000000 +0.707106781186547573 +0.707106781186547573 +0.000000000000000000 +0.000000000000000000
212 +1 +0.500000000000000000 -0.500000000000000000 +0.500000000000000000 -0.500000000000000000 +0.500000000000000000 +0.500000000000000000 -0.500000000000000000 +0.500000000000000000
213 -1 +0.707106781186547573 +0.000000000000000000 +0.000000000000000000 +0.707106781186547573 +0.707106781186547573 +0.000000000000000000 +0.000000000000000000 +0.707106781186547573
214 +1 +0.500000000000000000 -0.500000000000000000 -0.500000000000000000 -0.500000000000000000 +0.500000000000000000 -0.500000000000000000 -0.500000000000000000 +0.500000000000000000
215 +1 +1.000000000000000000 +0.000000000000000000 +0.000000000000000000 +0.000000000000000000 +0.000000000000000000 +0.000000000000000000 -1.000000000000000000 +0.000000000000000000
216 -1 +0.707106781186547573 +0.000000000000000000 +0.707106781186547573 +0.000000000000000000 +0.000000000000000000 +0.707106781186547573 +0.000000000000000000 -0.707106781186547573
217 +1 +0.000000000000000000 +0.000000000000000000 +1.000000000000000000 +0.000000000000000000 +0.000000000000000000 +0.000000000000000000 +1.000000000000000000 +0.000000000000000000
218 -1 +0.707106781186547573 +0.000000000000000000 +0.000000000000000000 -0.707106781186547573 +0.000000000000000000 +0.707106781186547573 +0.707106781186547573 +0.000000000000000000
219 +1 +0.500000000000000000 +0.500000000000000000 -0.500000000000000000 +0.500000000000000000 -0.500000000000000000 -0.500000000000000000 -0.500000000000000000 -0.500000000000000000
220 -1 +0.707106781186547573 +0.000000000000000000 +0.707106781186547573 +0.000000000000000000 +0.707106781186547573 +0.000000000000000000 +0.707106781186547573 +0.000000000000000000
221 +1 +0.000000000000000000 +1.000000000000000000 +0.000000000000000000 +0.000000000000000000 -1.000000000000000000 +0.000000000000000000 +0.000000000000000000 +0.000000000000000000
222 -1 +0.000000000000000000 +0.000000000000000000 +0.707106781186547573 -0.707106781186547573 -0.707106781186547573 +0.707106781186547573 +0.000000000000000000 +0.000000000000000000
223 -1 +0.707106781186547573 +0.000000000000000000 +0.000000000000000000 +0.707106781186547573 +0.000000000000000000 -0.707106781186547573 +0.707106781186547573 +0.000000000000000000
224 +1 +0.500000000000000000 -0.500000000000000000 -0.500000000000000000 -0.500000000000000000 +0.500000000000000000 -0.500000000000000000 +0.500000000000000000 -0.500000000000000000
225 +1 +0.000000000000000000 +0.000000000000000000 +0.000000000000000000 +1.000000000000000000 +0.000000000000000000 +0.000000000000000000 -1.000000000000000000 +0.000000000000000000
226 +1 +0.500000000000000000 +0.500000000000000000 -0.500000000000000000 -0.500000000000000000 +0.500000000000000000 -0.500000000000000000 -0.500000000000000000 -0.500000000000000000
227 +1 +0.500000000000000000 +0.500000000000000000 +0.500000000000000000 -0.500000000000000000 -0.500000000000000000 -0.500000000000000000 -0.500000000000000000 -0.500000000000000000
228 +1 +0.000000000000000000 +0.000000000000000000 +0.000000000000000000 +1.000000000000000000 +0.000000000000000000 +0.000000000000000000 +0.000000000000000000 +1.000000000000000000
229 +1 +0.500000000000000000 -0.500000000000000000 -0.500000000000000000 -0.500000000000000000 -0.500000000000000000 +0.500000000000000000 +0.500000000000000000 -0.500000000000000000
230 +1 +0.500000000000000000 +0.500000000000000000 +0.500000000000000000 -0.500000000000000000 +0.500000000000000000 +0.500000000000000000 +0.500000000000000000 +0.500000000000000000
231 +1 +0.500000000000000000 -0.500000000000000000 -0.500000000000000000 +0.500000000000000000 +0.500000000000000000 -0.500000000000000000 +0.500000000000000000 +0.500000000000000000
232 -1 +0.000000000000000000 +0.707106781186547573 -0.707106781186547573 +0.000000000000000000 -0.707106781186547573 +0.000000000000000000 +0.000000000000000000 +0.707106781186547573
233 -1 +0.707106781186547573 +0.707106781186547573 +0.000000000000000000 +0.000000000000000000 +0.000000000000000000 +0.000000000000000000 +0.707106781186547573 +0.707106781186547573
234 +1 +0.500000000000000000 -0.500000000000000000 +0.500000000000000000 -0.500000000000000000 +0.500000000000000000 -0.500000000000000000 +0.500000000000000000 +0.500000000000000000
235 -1 +0.707106781186547573 +0.707106781186547573 +0.000000000000000000 +0.000000000000000000 +0.000000000000000000 +0.000000000000000000 +0.707106781186547573 -0.707106781186547573
236 +1 +0.500000000000000000 +0.500000000000000000 -0.500000000000000000 -0.500000000000000000 +0.500000000000000000 +0.500000000000000000 +0.500000000000000000 -0.500000000000000000
237 +1 +0.707106781186547573 +0.000000000000000000 +0.000000000000000000 -0.707106781186547573 +0.000000000000000000 -0.707106781186547573 -0.707106781186547573 +0.000000000000000000
238 -1 +0.500000000000000000 +0.500000000000000000 +0.500000000000000000 -0.500000000000000000 +0.500000000000000000 +0.500000000000000000 -0.500000000000000000 -0.500000000000000000
239 +1 +0.000000000000000000 +0.000000000000000000 +0.707106781186547573 +0.707106781186547573 -0.707106781186547573 +0.707106781186547573 +0.000000000000000000 +0.000000000000000000
240 -1 +0.500000000000000000 +0.500000000000000000 -0.500000000000000000 -0.500000000000000000 +0.500000000000000000 +0.500000000000000000 -0.500000000000000000 +0.500000000000000000
241 +1 +0.000000000000000000 +0.707106781186547573 -0.707106781186547573 +0.000000000000000000 +0.000000000000000000 +0.707106781186547573 +0.707106781186547573 +0.000000000000000000
242 +1 +0.707106781186547573 -0.707106781186547573 +0.000000000000000000 +0.000000000000000000 -0.707106781186547573 -0.707106781186547573 +0.000000000000000000 +0.000000000000000000
243 -1 +0.000000000000000000 +0.000000000000000000 +1.000000000000000000 +0.000000000000000000 +1.000000000000000000 +0.000000000000000000 +0.000000000000000000 +0.000000000000000000
244 +1 +0.707106781186547573 +0.000000000000000000 -0.707106781186547573 +0.000000000000000000 +0.000000000000000000 +0.707106781186547573 +0.000000000000000000 -0.707106781186547573
245 +1 +0.000000000000000000 +0.707106781186547573 -0.707106781186547573 +0.000000000000000000 +0.000000000000000000 +0.707106781186547573 -0.707106781186547573 +0.000000000000000000
246 +1 +0.707106781186547573 -0.707106781186547573 +0.000000000000000000 +0.000000000000000000 +0.000000000000000000 +0.000000000000000000 -0.707106781186547573 -0.707106781186547573
247 -1 +0.500000000000000000 -0.500000000000000000 +0.500000000000000000 -0.500000000000000000 +0.500000000000000000 +0.500000000000000000 +0.500000000000000000 -0.500000000000000000
248 +1 +0.707106781186547573 +0.000000000000000000 -0.707106781186547573 +0.000000000000000000 +0.000000000000000000 -0.707106781186547573 +0.000000000000000000 -0.707106781186547573
249 -1 +1.000000000000000000 +0.000000000000000000 +0.000000000000000000 +0.000000000000000000 +1.000000000000000000 +0.000000000000000000 +0.000000000000000000 +0.000000000000000000
250 -1 +0.500000000000000000 -0.500000000000000000 +0.500000000000000000 -0.500000000000000000 +0.500000000000000000 -0.500000000000000000 -0.500000000000000000 -0.500000000000000000
251 -1 +0.500000000000000000 +0.500000000000000000 -0.500000000000000000 +0.500000000000000000 -0.500000000000000000 +0.500000000000000000 -0.500000000000000000 +0.500000000000000000
252 -1 +0.500000000000000000 -0.500000000000000000 -0.500000000000000000 +0.500000000000000000 +0.500000000000000000 +0.500000000000000000 -0.500000000000000000 +0.500000000000000000
253 -1 +0.500000000000000000 -0.500000000000000000 -0.500000000000000000 -0.500000000000000000 +0.500000000000000000 -0.500000000000000000 -0.500000000000000000 +0.500000000000000000
254 +1 +0.707106781186547573 +0.000000000000000000 +0.000000000000000000 +0.707106781186547573 +0.000000000000000000 +0.707106781186547573 +0.707106781186547573 +0.000000000000000000
255 +1 +0.000000000000000000 +0.707106781186547573 +0.000000000000000000 +0.707106781186547573 +0.000000000000000000 +0.707106781186547573 +0.000000000000000000 +0.707106781186547573
256 -1 +0.000000000000000000 +0.000000000000000000 +0.000000000000000000 +1.000000000000000000 -1.000000000000000000 +0.000000000000000000 +0.000000000000000000 +0.000000000000000000
257 -1 +0.000000000000000000 +0.000000000000000000 +1.000000000000000000 +0.000000000000000000 +0.000000000000000000 -1.000000000000000000 +0.000000000000000000 +0.000000000000000000
258 +1 +0.000000000000000000 +0.707106781186547573 +0.000000000000000000 -0.707106781186547573 +0.000000000000000000 +0.707106781186547573 +0.000000000000000000 +0.707106781186547573
259 -1 +0.500000000000000000 -0.500000000000000000 +0.500000000000000000 +0.500000000000000000 -0.500000000000000000 -0.500000000000000000 +0.500000000000000000 +0.500000000000000000
260 +1 +0.000000000000000000 +0.707106781186547573 +0.000000000000000000 +0.707106781186547573 +0.000000000000000000 +0.707106781186547573 +0.000000000000000000 -0.707106781186547573
261 -1 +0.000000000000000000 +0.000000000000000000 +0.000000000000000000 +1.000000000000000000 +0.000000000000000000 +0.000000000000000000 +1.000000000000000000 +0.000000000000000000
262 -1 +1.000000000000000000 +0.000000000000000000 +0.000000000000000000 +0.000000000000000000 +0.000000000000000000 +0.000000000000000000 +0.000000000000000000 +1.000000000000000000
263 +1 +0.000000000000000000 +0.707106781186547573 +0.707106781186547573 +0.000000000000000000 +0.000000000000000000 +0.707106781186547573 -0.707106781186547573 +0.000000000000000000
264 -1 +0.500000000000000000 -0.500000000000000000 +0.500000000000000000 -0.500000000000000000 +0.500000000000000000 -0.500000000000000000 +0.500000000000000000 +0.500000000000000000
265 +1 +0.707106781186547573 +0.000000000000000000 +0.000000000000000000 -0.707106781186547573 -0.707106781186547573 +0.000000000000000000 +0.000000000000000000 +0.707106781186547573
266 +1 +0.000000000000000000 +0.000000000000000000 +0.707106781186547573 +0.707106781186547573 +0.000000000000000000 +0.000000000000000000 -0.707106781186547573 -0.707106781186547573
267 -1 +0.500000000000000000 -0.500000000000000000 +0.500000000000000000 +0.500000000000000000 +0.500000000000000000 -0.500000000000000000 -0.500000000000000000 +0.500000000000000000
268 +1 +0.707106781186547573 +0.000000000000000000 +0.707106781186547573 +0.000000000000000000 +0.000000000000000000 +0.707106781186547573 +0.000000000000000000 +0.707106781186547573
269 -1 +0.500000000000000000 +0.500000000000000000 -0.500000000000000000 +0.500000000000000000 +0.500000000000000000 +0.500000000000000000 +0.500000000000000000 +0.500000000000000000
270 +1 +0.707106781186547573 +0.000000000000000000 +0.000000000000000000 -0.707106781186547573 +0.707106781186547573 +0.000000000000000000 +0.000000000000000000 +0.707106781186547573
271 +1 +0.000000000000000000 +0.000000000000000000 +0.707106781186547573 +0.707106781186547573 +0.000000000000000000 +0.000000000000000000 +0.707106781186547573 -0.707106781186547573
272 -1 +0.500000000000000000 +0.500000000000000000 +0.500000000000000000 -0.500000000000000000 -0.500000000000000000 +0.500000000000000000 +0.500000000000000000 -0.500000000000000000
273 +1 +0.000000000000000000 +0.707106781186547573 -0.707106781186547573 +0.000000000000000000 +0.000000000000000000 -0.707106781186547573 -0.707106781186547573 +0.000000000000000000
274 -1 +0.500000000000000000 +0.500000000000000000 +0.500000000000000000 +0.500000000000000000 +0.500000000000000000 +0.500000000000000000 +0.500000000000000000 -0.500000000000000000
275 +1 +0.707106781186547573 -0.707106781186547573 +0.000000000000000000 +0.000000000000000000 +0.707106781186547573 +0.707106781186547573 +0.000000000000000000 +0.000000000000000000
276 -1 +0.000000000000000000 +0.000000000000000000 +1.000000000000000000 +0.000000000000000000 -1.000000000000000000 +0.000000000000000000 +0.000000000000000000 +0.000000000000000000
277 +1 +0.000000000000000000 +0.000000000000000000 +0.707106781186547573 -0.707106781186547573 +0.000000000000000000 +0.000000000000000000 +0.707106781186547573 -0.707106781186547573
278 +1 +0.000000000000000000 +0.707106781186547573 +0.707106781186547573 +0.000000000000000000 +0.000000000000000000 -0.707106781186547573 -0.707106781186547573 +0.000000000000000000
279 +1 +0.000000000000000000 +0.000000000000000000 +0.707106781186547573 -0.707106781186547573 +0.000000000000000000 +0.000000000000000000 -0.707106781186547573 -0.707106781186547573
280 +1 +0.707106781186547573 +0.000000000000000000 +0.000000000000000000 -0.707106781186547573 -0.707106781186547573 +0.000000000000000000 +0.000000000000000000 -0.707106781186547573
281 +1 +0.000000000000000000 +0.707106781186547573 +0.707106781186547573 +0.000000000000000000 +0.000000000000000000 +0.707106781186547573 +0.707106781186547573 +0.000000000000000000
282 +1 +0.707106781186547573 +0.000000000000000000 -0.707106781186547573 +0.000000000000000000 +0.707106781186547573 +0.000000000000000000 +0.707106781186547573 +0.000000000000000000
283 -1 +0.000000000000000000 +1.000000000000000000 +0.000000000000000000 +0.000000000000000000 +0.000000000000000000 +0.000000000000000000 +0.000000000000000000 -1.000000000000000000
284 +1 +0.000000000000000000 +0.707106781186547573 +0.000000000000000000 -0.707106781186547573 +0.000000000000000000 +0.707106781186547573 +0.000000000000000000 -0.707106781186547573
285 -1 +0.500000000000000000 +0.500000000000000000 -0.500000000000000000 +0.500000000000000000 +0.500000000000000000 +0.500000000000000000 -0.500000000000000000 -0.500000000000000000
286 +1 +0.707106781186547573 +0.000000000000000000 +0.000000000000000000 -0.707106781186547573 +0.000000000000000000 +0.707106781186547573 -0.707106781186547573 +0.000000000000000000
287 +1 +0.707106781186547573 +0.000000000000000000 -0.707106781186547573 +0.000000000000000000 -0.707106781186547573 +0.000000000000000000 -0.707106781186547573 +0.000000000000000000
288 -1 +1.000000000000000000 +0.000000000000000000 +0.000000000000000000 +0.000000000000000000 +0.000000000000000000 +0.000000000000000000 +0.000000000000000000 -1.000000000000000000
289 -1 +0.500000000000000000 +0.500000000000000000 -0.500000000000000000 -0.500000000000000000 +0.500000000000000000 +0.500000000000000000 +0.500000000000000000 -0.500000000000000000
290 +1 +0.000000000000000000 +0.707106781186547573 +0.000000000000000000 +0.707106781186547573 -0.707106781186547573 +0.000000000000000000 +0.707106781186547573 +0.000000000000000000
291 -1 +0.500000000000000000 -0.500000000000000000 -0.500000000000000000 +0.500000000000000000 +0.500000000000000000 -0.500000000000000000 +0.500000000000000000 +0.500000000000000000
292 -1 +1.000000000000000000 +0.000000000000000000 +0.000000000000000000 +0.000000000000000000 +0.000000000000000000 +1.000000000000000000 +0.000000000000000000 +0.000000000000000000
293 +1 +0.000000000000000000 +0.707106781186547573 +0.707106781186547573 +0.000000000000000000 +0.000000000000000000 -0.707106781186547573 +0.707106781186547573 +0.000000000000000000
294 +1 +0.000000000000000000 +0.000000000000000000 +0.707106781186547573 -0.707106781186547573 +0.000000000000000000 +0.000000000000000000 +0.707106781186547573 +0.707106781186547573
295 +1 +0.707106781186547573 +0.707106781186547573 +0.000000000000000000 +0.000000000000000000 -0.707106781186547573 -0.707106781186547573 +0.000000000000000000 +0.000000000000000000
296 +1 +0.000000000000000000 +0.707106781186547573 +0.000000000000000000 +0.707106781186547573 +0.000000000000000000 -0.707106781186547573 +0.000000000000000000 -0.707106781186547573
297 -1 +0.500000000000000000 -0.500000000000000000 +0.500000000000000000 +0.500000000000000000 +0.500000000000000000 -0.500000000000000000 +0.500000000000000000 -0.500000000000000000
298 +1 +0.000000000000000000 +0.707106781186547573 +0.707106781186547573 +0.000000000000000000 -0.707106781186547573 +0.000000000000000000 +0.000000000000000000 +0.707106781186547573
299 +1 +0.000000000000000000 +0.707106781186547573 +0.000000000000000000 -0.707106781186547573 +0.000000000000000000 -0.707106781186547573 +0.000000000000000000 -0.707106781186547573
300 +1 +0.000000000000000000 +0.000000000000000000 +0.707106781186547573 +0.707106781186547573 +0.000000000000000000 +0.000000000000000000 -0.707106781186547573 +0.707106781186547573
301 -1 +0.000000000000000000 +1.000000000000000000 +0.000000000000000000 +0.000000000000000000 +1.000000000000000000 +0.000000000000000000 +0.000000000000000000 +0.000000000000000000
302 -1 +0.500000000000000000 +0.500000000000000000 -0.500000000000000000 -0.500000000000000000 +0.500000000000000000 -0.500000000000000000 +0.500000000000000000 +0.500000000000000000
303 +1 +0.707106781186547573 +0.000000000000000000 -0.707106781186547573 +0.000000000000000000 -0.707106781186547573 +0.000000000000000000 +0.707106781186547573 +0.000000000000000000
304 -1 +1.000000000000000000 +0.000000000000000000 +0.000000000000000000 +0.000000000000000000 +0.000000000000000000 -1.000000000000000000 +0.000000000000000000 +0.000000000000000000
305 -1 +0.000000000000000000 +1.000000000000000000 +0.000000000000000000 +0.000000000000000000 -1.000000000000000000 +0.000000000000000000 +0.000000000000000000 +0.000000000000000000
306 -1 +1.000000000000000000 +0.000000000000000000 +0.000000000000000000 +0.000000000000000000 +0.000000000000000000 +0.000000000000000000 +1.000000000000000000 +0.000000000000000000
307 +1 +0.000000000000000000 +0.707106781186547573 +0.000000000000000000 +0.707106781186547573 +0.000000000000000000 -0.707106781186547573 +0.000000000000000000 +0.707106781186547573
308 -1 +0.707106781186547573 +0.000000000000000000 +0.707106781186547573 +0.000000000000000000 +0.707106781186547573 +0.000000000000000000 -0.707106781186547573 +0.000000000000000000
309 -1 +0.707106781186547573 +0.000000000000000000 -0.707106781186547573 +0.000000000000000000 +0.000000000000000000 +0.707106781186547573 +0.000000000000000000 +0.707106781186547573
310 -1 +0.707106781186547573 +0.000000000000000000 +0.000000000000000000 -0.707106781186547573 +0.707106781186547573 +0.000000000000000000 +0.000000000000000000 +0.707106781186547573
311 +1 +0.500000000000000000 +0.500000000000000000 -0.500000000000000000 +0.500000000000000000 -0.500000000000000000 +0.500000000000000000 +0.500000000000000000 -0.500000000000000000
312 +1 +0.500000000000000000 -0.500000000000000000 +0.500000000000000000 -0.500000000000000000 +0.500000000000000000 -0.500000000000000000 -0.500000000000000000 -0.500000000000000000
313 -1 +0.000000000000000000 +0.000000000000000000 +0.707106781186547573 -0.707106781186547573 +0.707106781186547573 +0.707106781186547573 +0.000000000000000000 +0.000000000000000000
314 -1 +0.000000000000000000 +0.000000000000000000 +0.707106781186547573 +0.707106781186547573 +0.707106781186547573 -0.707106781186547573 +0.000000000000000000 +0.000000000000000000
315 +1 +0.500000000000000000 -0.500000000000000000 -0.500000000000000000 +0.500000000000000000 +0.500000000000000000 -0.500000000000000000 -0.500000000000000000 -0.500000000000000000
316 -1 +0.000000000000000000 +0.000000000000000000 +0.707106781186547573 -0.707106781186547573 +0.000000000000000000 +0.000000000000000000 -0.707106781186547573 +0.707106781186547573
317 +1 +0.500000000000000000 +0.500000000000000000 +0.500000000000000000 -0.500000000000000000 -0.500000000000000000 -0.500000000000000000 +0.500000000000000000 +0.500000000000000000
318 +1 +0.500000000000000000 +0.500000000000000000 +0.500000000000000000 +0.500000000000000000 -0.500000000000000000 +0.500000000000000000 +0.500000000000000000 +0.500000000000000000
319 +1 +0.000000000000000000 +0.000000000000000000 +0.000000000000000000 +1.000000000000000000 +0.000000000000000000 +0.000000000000000000 +0.000000000000000000 -1.000000000000000000
320 -1 +0.000000000000000000 +0.707106781186547573 +0.707106781186547573 +0.000000000000000000 -0.707106781186547573 +0.000000000000000000 +0.000000000000000000 -0.707106781186547573
321 +1 +0.500000000000000000 -0.500000000000000000 +0.500000000000000000 +0.500000000000000000 -0.500000000000000000 +0.500000000000000000 +0.500000000000000000 -0.500000000000000000
322 +1 +1.000000000000000000 +0.000000000000000000 +0.000000000000000000 +0.000000000000000000 +0.000000000000000000 +1.000000000000000000 +0.000000000000000000 +0.000000000000000000
323 -1 +0.000000000000000000 +0.000000000000000000 +0.707106781186547573 +0.707106781186547573 -0.707106781186547573 -0.707106781186547573 +0.000000000000000000 +0.000000000000000000
324 +1 +0.000000000000000000 +0.000000000000000000 +1.000000000000000000 +0.000000000000000000 +0.000000000000000000 +0.000000000000000000 -1.000000000000000000 +0.000000000000000000
325 -1 +0.707106781186547573 -0.707106781186547573 +0.000000000000000000 +0.000000000000000000 +0.000000000000000000 +0.000000000000000000 +0.707106781186547573 +0.707106781186547573
326 -1 +0.000000000000000000 +0.707106781186547573 -0.707106781186547573 +0.000000000000000000 +0.000000000000000000 +0.707106781186547573 -0.707106781186547573 +0.000000000000000000
327 +1 +0.500000000000000000 +0.500000000000000000 +0.500000000000000000 -0.500000000000000000 -0.500000000000000000 +0.500000000000000000 -0.500000000000000000 +0.500000000000000000
328 +1 +0.500000000000000000 +0.500000000000000000 -0.500000000000000000 -0.500000000000000000 -0.500000000000000000 -0.500000000000000000 -0.500000000000000000 +0.500000000000000000
329 -1 +0.707106781186547573 +0.707106781186547573 +0.000000000000000000 +0.000000000000000000 +0.000000000000000000 +0.000000000000000000 -0.707106781186547573 -0.707106781186547573
330 -1 +0.000000000000000000 +0.707106781186547573 +0.000000000000000000 -0.707106781186547573 +0.000000000000000000 +0.707106781186547573 +0.000000000000000000 -0.707106781186547573
331 -1 +0.707106781186547573 +0.000000000000000000 -0.707106781186547573 +0.000000000000000000 +0.707106781186547573 +0.000000000000000000 +0.707106781186547573 +0.000000000000000000
332 -1 +0.707106781186547573 +0.707106781186547573 +0.000000000000000000 +0.000000000000000000 -0.707106781186547573 +0.707106781186547573 +0.000000000000000000 +0.000000000000000000
333 +1 +0.000000000000000000 +1.000000000000000000 +0.000000000000000000 +0.000000000000000000 +0.000000000000000000 -1.000000000000000000 +0.000000000000000000 +0.000000000000000000
334 +1 +0.500000000000000000 -0.500000000000000000 +0.500000000000000000 -0.500000000000000000 -0.500000000000000000 +0.500000000000000000 +0.500000000000000000 +0.500000000000000000
335 -1 +0.707106781186547573 +0.000000000000000000 +0.000000000000000000 +0.707106781186547573 +0.707106781186547573 +0.000000000000000000 +0.000000000000000000 -0.707106781186547573
336 +1 +0.500000000000000000 -0.500000000000000000 -0.500000000000000000 -0.500000000000000000 +0.500000000000000000 +0.500000000000000000 -0.500000000000000000 -0.500000000000000000
337 +1 +0.500000000000000000 -0.500000000000000000 -0.500000000000000000 +0.500000000000000000 -0.500000000000000000 +0.500000000000000000 +0.500000000000000000 +0.500000000000000000
338 -1 +0.707106781186547573 -0.707106781186547573 +0.000000000000000000 +0.000000000000000000 -0.707106781186547573 -0.707106781186547573 +0.000000000000000000 +0.000000000000000000
339 -1 +0.000000000000000000 +0.707106781186547573 +0.000000000000000000 -0.707106781186547573 +0.707106781186547573 +0.000000000000000000 +0.707106781186547573 +0.000000000000000000
340 +1 +0.500000000000000000 +0.500000000000000000 -0.500000000000000000 -0.500000000000000000 -0.500000000000000000 -0.500000000000000000 +0.500000000000000000 -0.500000000000000000
341 -1 +0.707106781186547573 +0.707106781186547573 +0.000000000000000000 +0.000000000000000000 +0.707106781186547573 -0.707106781186547573 +0.000000000000000000 +0.000000000000000000
342 -1 +0.707106781186547573 -0.707106781186547573 +0.000000000000000000 +0.000000000000000000 +0.707106781186547573 +0.707106781186547573 +0.000000000000000000 +0.000000000000000000
343 +1 +0.500000000000000000 -0.500000000000000000 +0.500000000000000000 -0.500000000000000000 -0.500000000000000000 +0.500000000000000000 -0.500000000000000000 -0.500000000000000000
344 +1 +0.000000000000000000 +0.000000000000000000 +0.000000000000000000 +1.000000000000000000 +0.000000000000000000 +0.000000000000000000 +1.000000000000000000 +0.000000000000000000
345 +1 +0.500000000000000000 +0.500000000000000000 -0.500000000000000000 +0.500000000000000000 -0.500000000000000000 -0.500000000000000000 +0.500000000000000000 +0.500000000000000000
346 +1 +0.500000000000000000 -0.500000000000000000 +0.500000000000000000 +0.500000000000000000 -0.500000000000000000 +0.500000000000000000 -0.500000000000000000 +0.500000000000000000
347 +1 +0.500000000000000000 +0.500000000000000000 +0.500000000000000000 +0.500000000000000000 -0.500000000000000000 -0.500000000000000000 +0.500000000000000000 -0.500000000000000000
348 +1 +0.500000000000000000 -0.500000000000000000 -0.500000000000000000 +0.500000000000000000 -0.500000000000000000 +0.500000000000000000 -0.500000000000000000 -0.500000000000000000
349 -1 +0.707106781186547573 -0.707106781186547573 +0.000000000000000000 +0.000000000000000000 +0.000000000000000000 +0.000000000000000000 +0.707106781186547573 -0.707106781186547573
350 -1 +0.000000000000000000 +0.707106781186547573 +0.000000000000000000 +0.707106781186547573 +0.707106781186547573 +0.000000000000000000 -0.707106781186547573 +0.000000000000000000
351 +1 +0.000000000000000000 +0.000000000000000000 +1.000000000000000000 +0.000000000000000000 +0.000000000000000000 +0.000000000000000000 +0.000000000000000000 +1.000000000000000000
352 -1 +0.000000000000000000 +0.707106781186547573 -0.707106781186547573 +0.000000000000000000 +0.707106781186547573 +0.000000000000000000 +0.000000000000000000 +0.707106781186547573
353 -1 +0.707106781186547573 +0.000000000000000000 -0.707106781186547573 +0.000000000000000000 +0.000000000000000000 -0.707106781186547573 +0.000000000000000000 +0.707106781186547573
354 -1 +0.707106781186547573 +0.000000000000000000 +0.000000000000000000 -0.707106781186547573 +0.000000000000000000 -0.707106781186547573 +0.707106781186547573 +0.000000000000000000
355 -1 +0.707106781186547573 +0.000000000000000000 +0.000000000000000000 +0.707106781186547573 +0.000000000000000000 -0.707106781186547573 -0.707106781186547573 +0.000000000000000000
356 +1 +0.500000000000000000 +0.500000000000000000 +0.500000000000000000 +0.500000000000000000 -0.500000000000000000 -0.500000000000000000 -0.500000000000000000 +0.500000000000000000
357 -1 +0.500000000000000000 -0.500000000000000000 -0.500000000000000000 -0.500000000000000000 +0.500000000000000000 +0.500000000000000000 +0.500000000000000000 +0.500000000000000000
358 +1 +0.707106781186547573 +0.000000000000000000 +0.000000000000000000 +0.707106781186547573 -0.707106781186547573 +0.000000000000000000 +0.000000000000000000 -0.707106781186547573
359 +1 +0.707106781186547573 +0.707106781186547573 +0.000000000000000000 +0.000000000000000000 -0.707106781186547573 +0.707106781186547573 +0.000000000000000000 +0.000000000000000000
360 -1 +0.000000000000000000 +0.000000000000000000 +0.000000000000000000 +1.000000000000000000 +0.000000000000000000 -1.000000000000000000 +0.000000000000000000 +0.000000000000000000
361 +1 +0.000000000000000000 +0.707106781186547573 +0.000000000000000000 -0.707106781186547573 +0.000000000000000000 -0.707106781186547573 +0.000000000000000000 +0.707106781186547573
362 -1 +0.000000000000000000 +1.000000000000000000 +0.000000000000000000 +0.000000000000000000 +0.000000000000000000 +0.000000000000000000 -1.000000000000000000 +0.000000000000000000
363 +1 +0.707106781186547573 -0.707106781186547573 +0.000000000000000000 +0.000000000000000000 -0.707106781186547573 +0.707106781186547573 +0.000000000000000000 +0.000000000000000000
364 +1 +0.707106781186547573 +0.000000000000000000 +0.707106781186547573 +0.000000000000000000 -0.707106781186547573 +0.000000000000000000 +0.707106781186547573 +0.000000000000000000
365 -1 +0.500000000000000000 -0.500000000000000000 -0.500000000000000000 +0.500000000000000000 -0.500000000000000000 -0.500000000000000000 -0.500000000000000000 +0.500000000000000000
366 +1 +0.707106781186547573 +0.000000000000000000 +0.707106781186547573 +0.000000000000000000 -0.707106781186547573 +0.000000000000000000 -0.707106781186547573 +0.000000000000000000
367 +1 +0.000000000000000000 +0.000000000000000000 +0.707106781186547573 -0.707106781186547573 +0.000000000000000000 +0.000000000000000000 -0.707106781186547573 +0.707106781186547573
368 +1 +0.000000000000000000 +0.707106781186547573 -0.707106781186547573 +0.000000000000000000 +0.000000000000000000 -0.707106781186547573 +0.707106781186547573 +0.000000000000000000
369 +1 +0.707106781186547573 +0.000000000000000000 +0.000000000000000000 +0.707106781186547573 -0.707106781186547573 +0.000000000000000000 +0.000000000000000000 +0.707106781186547573
370 -1 +0.500000000000000000 -0.500000000000000000 +0.500000000000000000 -0.500000000000000000 -0.500000000000000000 -0.500000000000000000 +0.500000000000000000 -0.500000000000000000
371 +1 +0.000000000000000000 +0.000000000000000000 +0.707106781186547573 +0.707106781186547573 +0.000000000000000000 +0.000000000000000000 +0.707106781186547573 +0.707106781186547573
372 -1 +0.500000000000000000 -0.500000000000000000 +0.500000000000000000 +0.500000000000000000 -0.500000000000000000 -0.500000000000000000 -0.500000000000000000 -0.500000000000000000
373 -1 +0.500000000000000000 +0.500000000000000000 +0.500000000000000000 -0.500000000000000000 +0.500000000000000000 -0.500000000000000000 +0.500000000000000000 -0.500000000000000000
374 -1 +0.500000000000000000 +0.500000000000000000 -0.500000000000000000 +0.500000000000000000 +0.500000000000000000 -0.500000000000000000 -0.500000000000000000 +0.500000000000000000
375 -1 +0.000000000000000000 +0.000000000000000000 +0.000000000000000000 +1.000000000000000000 +0.000000000000000000 +0.000000000000000000 -1.000000000000000000 +0.000000000000000000
376 -1 +0.000000000000000000 +0.000000000000000000 +1.000000000000000000 +0.000000000000000000 +0.000000000000000000 +0.000000000000000000 +0.000000000000000000 -1.000000000000000000
377 -1 +0.500000000000000000 -0.500000000000000000 -0.500000000000000000 -0.500000000000000000 -0.500000000000000000 -0.500000000000000000 +0.500000000000000000 +0.500000000000000000
378 +1 +1.000000000000000000 +0.000000000000000000 +0.000000000000000000 +0.000000000000000000 -1.000000000000000000 +0.000000000000000000 +0.000000000000000000 +0.000000000000000000
379 -1 +0.707106781186547573 +0.000000000000000000 +0.707106781186547573 +0.000000000000000000 +0.000000000000000000 -0.707106781186547573 +0.000000000000000000 -0.707106781186547573
380 -1 +0.000000000000000000 +0.707106781186547573 +0.707106781186547573 +0.000000000000000000 +0.707106781186547573 +0.000000000000000000 +0.000000000000000000 -0.707106781186547573
381 -1 +0.000000000000000000 +0.000000000000000000 +0.707106781186547573 -0.707106781186547573 +0.000000000000000000 +0.000000000000000000 +0.707106781186547573 -0.707106781186547573
382 -1 +0.000000000000000000 +0.000000000000000000 +0.707106781186547573 +0.707106781186547573 +0.000000000000000000 +0.000000000000000000 -0.707106781186547573 -0.707106781186547573
383 -1 +0.500000000000000000 +0.500000000000000000 +0.500000000000000000 +0.500000000000000000 +0.500000000000000000 -0.500000000000000000 -0.500000000000000000 -0.500000000000000000
